0 0 0.202502
0 1 -0.357623
0 2 -0.431414
0 3 -0.129368
0 4 0.807518
0 5 0.850211
0 6 0.0105849
0 7 0.255164
0 8 0.438528
0 9 -0.952174
0 10 0.149865
0 11 -0.906931
0 12 -0.154937
0 13 -0.0645315
0 14 -0.954744
0 15 -0.869852
0 16 0.847913
0 17 0.0682857
0 18 -0.266407
0 19 -0.272108
0 20 -0.697253
0 21 -0.700783
0 22 -0.298396
0 23 -0.328068
0 24 0.568056
0 25 -0.0265216
0 26 -0.070404
0 27 -0.737495
0 28 0.772783
0 29 0.349115
0 30 0.670319
1 0 0.312976
1 1 0.967834
1 2 0.95958
1 3 -0.499694
1 4 0.249141
1 5 0.456485
1 6 -0.00365937
1 7 0.699657
1 8 -0.618164
1 9 -0.751712
1 10 -0.994419
1 11 -0.694094
1 12 0.0683216
1 13 0.0212672
1 14 -0.229568
1 15 -0.378807
1 16 -0.992889
1 17 0.630485
1 18 0.276837
1 19 -0.103321
1 20 -0.511828
1 21 0.60677
1 22 0.647942
1 23 0.704381
1 24 -0.0654965
1 25 0.941398
1 26 0.682488
1 27 -0.842904
1 28 -0.524802
1 29 0.635142
1 30 -0.188343
2 0 -0.0673756
2 1 0.903072
2 2 0.930011
2 3 0.53057
2 4 0.149067
2 5 0.83185
2 6 -0.00913518
2 7 -0.667975
2 8 -0.348005
2 9 -0.407128
2 10 0.116597
2 11 -0.865046
2 12 -0.862044
2 13 -0.666431
2 14 0.894877
2 15 0.622177
2 16 0.420911
2 17 0.940491
2 18 0.996854
2 19 0.97491
2 20 -0.699827
2 21 0.916958
2 22 0.0609181
2 23 -0.851827
2 24 -0.376358
2 25 0.790342
2 26 0.669537
2 27 -0.995302
2 28 0.28042
2 29 0.606365
2 30 -0.509738
3 0 -0.871756
3 1 -0.473703
3 2 -0.794559
3 3 -0.032562
3 4 -0.162231
3 5 -0.237422
3 6 0.77353
3 7 -0.158885
3 8 -0.432304
3 9 -0.903638
3 10 -0.561668
3 11 -0.521648
3 12 -0.941483
3 13 0.404622
3 14 -0.984729
3 15 0.221841
3 16 -0.183821
3 17 -0.502107
3 18 0.304919
3 19 -0.359446
3 20 -0.792656
3 21 0.0711298
3 22 -0.67026
3 23 0.766877
3 24 0.332914
3 25 0.695485
3 26 0.525322
3 27 0.614028
3 28 0.265905
3 29 0.420855
3 30 0.377327
4 0 -0.358104
4 1 0.063297
4 2 0.746388
4 3 -0.890921
4 4 0.000801551
4 5 -0.134474
4 6 0.808565
4 7 0.260367
4 8 0.966072
4 9 0.170401
4 10 0.681273
4 11 -0.0623724
4 12 0.0904447
4 13 -0.641792
4 14 0.268923
4 15 0.925918
4 16 0.0680275
4 17 -0.0407715
4 18 0.587332
4 19 -0.814573
4 20 0.761599
4 21 -0.992253
4 22 0.0230582
4 23 0.356927
4 24 0.131495
4 25 -0.0430827
4 26 -0.358974
4 27 0.20316
4 28 0.826305
4 29 0.365036
4 30 0.893467
5 0 -0.801822
5 1 0.0220578
5 2 -0.779743
5 3 0.0905238
5 4 0.377572
5 5 -0.705166
5 6 0.555122
5 7 -0.201898
5 8 0.7966
5 9 -0.385912
5 10 -0.877898
5 11 -0.561058
5 12 -0.834334
5 13 0.900791
5 14 -0.967259
5 15 -0.770663
5 16 -0.97518
5 17 -0.567545
5 18 -0.977145
5 19 0.284899
5 20 0.0339819
5 21 -0.508916
5 22 -0.612505
5 23 -0.818259
5 24 -0.263117
5 25 -0.984414
5 26 0.205403
5 27 -0.0422905
5 28 -0.383765
5 29 0.488889
5 30 0.678699
6 0 -0.475136
6 1 0.0284761
6 2 -0.106452
6 3 -0.317578
6 4 0.678284
6 5 0.964985
6 6 0.252929
6 7 -0.63745
6 8 -0.753966
6 9 0.159937
6 10 -0.342928
6 11 -0.463627
6 12 0.100478
6 13 -0.638966
6 14 0.356984
6 15 -0.888623
6 16 -0.931886
6 17 -0.426963
6 18 -0.84522
6 19 0.801145
6 20 0.693212
6 21 -0.208603
6 22 -0.661569
6 23 -0.139095
6 24 -0.167564
6 25 0.457527
6 26 -0.187053
6 27 0.903615
6 28 0.82397
6 29 0.902829
6 30 -0.307998
7 0 -0.419512
7 1 0.773402
7 2 -0.579938
7 3 -0.738247
7 4 0.0410318
7 5 0.810925
7 6 -0.19494
7 7 -0.568477
7 8 -0.842521
7 9 0.86612
7 10 0.205743
7 11 -0.245016
7 12 0.329863
7 13 0.584381
7 14 -0.333016
7 15 0.385318
7 16 -0.592369
7 17 0.917427
7 18 0.423665
7 19 -0.666187
7 20 -0.114446
7 21 0.265987
7 22 0.859934
7 23 0.0586619
7 24 0.252949
7 25 0.361638
7 26 0.846395
7 27 -0.694332
7 28 -0.188558
7 29 -0.375048
7 30 0.387798
8 0 0.781376
8 1 -0.0186581
8 2 0.611647
8 3 -0.347122
8 4 0.0997583
8 5 -0.222431
8 6 0.793658
8 7 0.35224
8 8 0.656794
8 9 -0.779822
8 10 -0.441545
8 11 0.535272
8 12 -0.567887
8 13 -0.931876
8 14 -0.126896
8 15 0.873727
8 16 -0.475822
8 17 0.139491
8 18 -0.280894
8 19 -0.946323
8 20 0.000838385
8 21 0.65403
8 22 -0.482035
8 23 -0.90823
8 24 -0.507057
8 25 0.321464
8 26 -0.341181
8 27 0.318992
8 28 -0.973992
8 29 0.436136
8 30 -0.217762
9 0 -0.932989
9 1 -0.187969
9 2 0.432615
9 3 0.842673
9 4 0.968031
9 5 0.966842
9 6 0.792612
9 7 0.731406
9 8 0.601922
9 9 0.109958
9 10 -0.162256
9 11 -0.745755
9 12 0.309241
9 13 0.72793
9 14 -0.450803
9 15 0.680328
9 16 -0.85849
9 17 -0.242416
9 18 -0.463661
9 19 -0.694158
9 20 0.261999
9 21 -0.36725
9 22 0.918224
9 23 -0.00265202
9 24 0.477217
9 25 -0.974489
9 26 0.210706
9 27 0.152903
9 28 0.614758
9 29 0.309936
9 30 0.756457
10 0 0.804746
10 1 -0.695534
10 2 -0.61484
10 3 0.581951
10 4 -0.87859
10 5 -0.220346
10 6 -0.400068
10 7 0.46836
10 8 -0.791581
10 9 0.585151
10 10 0.565458
10 11 0.0647954
10 12 -0.493295
10 13 -0.858091
10 14 0.251607
10 15 -0.950637
10 16 -0.875915
10 17 -0.740776
10 18 -0.0987719
10 19 0.344672
10 20 0.712222
10 21 -0.00310915
10 22 -0.902431
10 23 -0.372335
10 24 0.283262
10 25 0.572773
10 26 -0.421699
10 27 -0.00426398
10 28 0.636869
10 29 0.190257
10 30 0.0728492
11 0 -0.338254
11 1 -0.17662
11 2 0.588012
11 3 -0.313584
11 4 -0.0747865
11 5 -0.264353
11 6 0.359141
11 7 0.135558
11 8 0.303554
11 9 -0.0177725
11 10 -0.203084
11 11 -0.0450316
11 12 -0.866825
11 13 -0.177943
11 14 0.938184
11 15 0.561442
11 16 0.458036
11 17 0.531301
11 18 0.513162
11 19 0.686541
11 20 0.540314
11 21 0.957322
11 22 -0.777281
11 23 -0.207846
11 24 -0.0158787
11 25 -0.483811
11 26 -0.926068
11 27 0.948763
11 28 0.452852
11 29 -0.70407
11 30 -0.704211
12 0 0.409648
12 1 -0.238013
12 2 -0.847177
12 3 -0.178319
12 4 -0.714019
12 5 0.59784
12 6 0.860496
12 7 -0.990561
12 8 0.300081
12 9 0.357065
12 10 -0.492754
12 11 0.686362
12 12 -0.412082
12 13 -0.946279
12 14 -0.813386
12 15 0.59577
12 16 0.422805
12 17 0.566814
12 18 0.247845
12 19 0.650831
12 20 -0.929955
12 21 -0.18905
12 22 -0.500662
12 23 -0.0382063
12 24 0.761678
12 25 -0.43863
12 26 0.198285
12 27 -0.947548
12 28 -0.689603
12 29 0.667822
12 30 -0.610213
13 0 0.659576
13 1 -0.32385
13 2 0.342233
13 3 -0.895267
13 4 0.468618
13 5 -0.00103644
13 6 0.8866
13 7 -0.420455
13 8 -0.246879
13 9 -0.772489
13 10 0.929701
13 11 -0.134977
13 12 -0.830874
13 13 0.433353
13 14 0.0135748
13 15 -0.343825
13 16 0.507048
13 17 0.672012
13 18 -0.492567
13 19 0.06885
13 20 -0.12967
13 21 -0.684592
13 22 0.200962
13 23 0.874902
13 24 -0.784483
13 25 0.799963
13 26 0.10093
13 27 -0.145287
13 28 -0.695238
13 29 -0.504908
13 30 -0.105262
14 0 0.0655669
14 1 -0.290698
14 2 0.54623
14 3 0.763362
14 4 0.468184
14 5 -0.187136
14 6 0.208357
14 7 0.28221
14 8 -0.745066
14 9 -0.00761601
14 10 -0.379061
14 11 0.157149
14 12 0.887218
14 13 -0.146121
14 14 -0.933743
14 15 0.858868
14 16 0.849965
14 17 -0.283386
14 18 -0.480022
14 19 0.573719
14 20 0.0231645
14 21 0.125054
14 22 0.369588
14 23 -0.815207
14 24 0.745158
14 25 0.885876
14 26 -0.806812
14 27 0.691765
14 28 0.818791
14 29 -0.977318
14 30 0.0473654
15 0 0.300691
15 1 -0.229709
15 2 0.298604
15 3 0.525707
15 4 0.151372
15 5 0.263838
15 6 -0.443592
15 7 0.679673
15 8 -0.14633
15 9 0.263245
15 10 0.666934
15 11 -0.459629
15 12 -0.198399
15 13 0.108509
15 14 -0.112269
15 15 -0.819232
15 16 0.488763
15 17 -0.934769
15 18 -0.140515
15 19 -0.925475
15 20 0.951596
15 21 0.0446798
15 22 0.81926
15 23 -0.233504
15 24 0.768904
15 25 -0.489965
15 26 0.8181
15 27 0.789121
15 28 -0.202966
15 29 0.25004
15 30 0.135195
16 0 0.789024
16 1 -0.571668
16 2 -0.992282
16 3 0.761163
16 4 -0.529757
16 5 -0.510271
16 6 0.281834
16 7 -0.390951
16 8 0.651242
16 9 0.767377
16 10 0.890746
16 11 -0.218409
16 12 0.60264
16 13 -0.685773
16 14 0.250331
16 15 0.397971
16 16 -0.828262
16 17 0.0623591
16 18 0.777133
16 19 -0.472668
16 20 -0.530429
16 21 0.679314
16 22 -0.00891994
16 23 -0.695267
16 24 -0.538464
16 25 0.315908
16 26 0.125897
16 27 -0.416343
16 28 0.24461
16 29 0.431811
16 30 -0.438538
17 0 -0.175454
17 1 -0.275589
17 2 0.562784
17 3 -0.729026
17 4 0.804139
17 5 -0.420728
17 6 -0.000884148
17 7 0.567181
17 8 0.354124
17 9 -0.700377
17 10 0.393239
17 11 -0.741974
17 12 0.891893
17 13 0.772824
17 14 0.0300092
17 15 0.358817
17 16 0.953587
17 17 -0.749079
17 18 0.504486
17 19 0.654104
17 20 0.562861
17 21 -0.618235
17 22 -0.142717
17 23 -0.971087
17 24 -0.349429
17 25 -0.730596
17 26 -0.0989651
17 27 0.14455
17 28 0.584047
17 29 -0.160527
17 30 0.0650731
18 0 0.851409
18 1 0.798164
18 2 0.0896668
18 3 0.802248
18 4 -0.896347
18 5 0.617205
18 6 -0.330191
18 7 -0.542634
18 8 0.644804
18 9 -0.303531
18 10 -0.669059
18 11 -0.943733
18 12 0.91074
18 13 0.360581
18 14 0.721124
18 15 0.878187
18 16 0.360388
18 17 0.834847
18 18 -0.486617
18 19 0.771236
18 20 0.840086
18 21 -0.399873
18 22 -0.853218
18 23 0.534797
18 24 -0.830096
18 25 0.457528
18 26 -0.104221
18 27 0.302497
18 28 -0.660996
18 29 0.0628985
18 30 0.267602
19 0 -0.971808
19 1 -0.0592573
19 2 0.772652
19 3 -0.771943
19 4 -0.114918
19 5 0.319096
19 6 -0.410454
19 7 0.900737
19 8 0.388572
19 9 -0.586387
19 10 0.109525
19 11 0.758557
19 12 0.115715
19 13 0.504668
19 14 0.789802
19 15 0.683688
19 16 -0.738287
19 17 -0.621692
19 18 -0.69272
19 19 -0.942196
19 20 -0.98183
19 21 0.192903
19 22 0.218099
19 23 0.837847
19 24 0.467149
19 25 -0.397706
19 26 -0.00885104
19 27 -0.483674
19 28 0.465709
19 29 -0.766478
19 30 0.492083
20 0 0.619578
20 1 0.490467
20 2 -0.325713
20 3 0.16865
20 4 -0.0620958
20 5 -0.82547
20 6 0.657435
20 7 0.371889
20 8 -0.46535
20 9 0.938967
20 10 -0.632452
20 11 -0.400118
20 12 -0.17763
20 13 -0.527022
20 14 -0.609889
20 15 0.410759
20 16 -0.638903
20 17 0.0446658
20 18 -0.407656
20 19 -0.0744362
20 20 0.850465
20 21 -0.568222
20 22 -0.997982
20 23 0.813212
20 24 0.360084
20 25 0.0299036
20 26 0.0441378
20 27 -0.794163
20 28 0.993761
20 29 -0.282062
20 30 0.250485
21 0 -0.213267
21 1 -0.984675
21 2 0.0905699
21 3 0.0182207
21 4 -0.506442
21 5 -0.909209
21 6 0.683459
21 7 -0.9035
21 8 -0.367359
21 9 0.566839
21 10 0.9448
21 11 0.172928
21 12 0.556088
21 13 0.455395
21 14 0.301974
21 15 0.32923
21 16 0.87756
21 17 0.0701625
21 18 -0.20312
21 19 0.340915
21 20 -0.118931
21 21 -0.734252
21 22 -0.121593
21 23 0.0952855
21 24 -0.209727
21 25 -0.203456
21 26 0.502697
21 27 0.0447007
21 28 -0.0191339
21 29 -0.822642
21 30 -0.498297
22 0 -0.104882
22 1 0.275922
22 2 0.418891
22 3 0.98524
22 4 0.86439
22 5 -0.815541
22 6 0.90708
22 7 -0.674409
22 8 0.94091
22 9 0.194013
22 10 -0.519546
22 11 -0.85941
22 12 -0.399918
22 13 0.62709
22 14 -0.84658
22 15 -0.291054
22 16 -0.735978
22 17 -0.683641
22 18 -0.875706
22 19 0.403687
22 20 -0.827037
22 21 0.233574
22 22 -0.652457
22 23 0.302802
22 24 -0.00260719
22 25 -0.430979
22 26 0.661119
22 27 0.63672
22 28 0.876339
22 29 -0.999348
22 30 0.280778
23 0 -0.985289
23 1 -0.787158
23 2 -0.786411
23 3 -0.265782
23 4 -0.520785
23 5 -0.30772
23 6 -0.50076
23 7 -0.225871
23 8 -0.157923
23 9 0.280155
23 10 0.575106
23 11 -0.460011
23 12 0.687965
23 13 0.480937
23 14 0.652204
23 15 -0.635616
23 16 -0.869128
23 17 0.220701
23 18 0.403106
23 19 -0.776765
23 20 -0.808353
23 21 0.195668
23 22 0.624465
23 23 0.629156
23 24 -0.821126
23 25 0.462557
23 26 0.807713
23 27 -0.0955364
23 28 -0.858625
23 29 -0.517444
23 30 0.46373
24 0 -0.919017
24 1 -0.150954
24 2 0.0804302
24 3 0.907656
24 4 -0.582189
24 5 -0.767336
24 6 0.29244
24 7 -0.783178
24 8 0.966994
24 9 -0.503312
24 10 0.212711
24 11 0.633391
24 12 0.660108
24 13 -0.0219213
24 14 0.521457
24 15 0.830216
24 16 0.80195
24 17 -0.571525
24 18 0.0941222
24 19 0.569419
24 20 -0.611118
24 21 0.493778
24 22 -0.0488836
24 23 0.166517
24 24 -0.478904
24 25 -0.830355
24 26 -0.403734
24 27 0.834259
24 28 -0.0589636
24 29 -0.461065
24 30 0.525941
25 0 0.544344
25 1 -0.957401
25 2 0.759972
25 3 0.59634
25 4 -0.35167
25 5 0.338089
25 6 -0.407412
25 7 0.859904
25 8 -0.436079
25 9 -0.66224
25 10 0.490333
25 11 -0.0457313
25 12 0.306889
25 13 0.933152
25 14 -0.373945
25 15 -0.847121
25 16 0.58283
25 17 -0.269232
25 18 0.170199
25 19 -0.633327
25 20 -0.846162
25 21 -0.692674
25 22 0.653752
25 23 -0.398087
25 24 -0.232231
25 25 0.301498
25 26 0.634741
25 27 0.532532
25 28 -0.251649
25 29 -0.620275
25 30 0.293004
26 0 -0.992789
26 1 -0.434224
26 2 0.277201
26 3 0.184149
26 4 -0.349422
26 5 0.977903
26 6 -0.753528
26 7 0.471754
26 8 -0.686766
26 9 -0.130705
26 10 0.664486
26 11 -0.280181
26 12 -0.847524
26 13 0.113851
26 14 -0.45214
26 15 -0.735891
26 16 0.39931
26 17 -0.0281902
26 18 -0.634567
26 19 -0.797571
26 20 -0.596831
26 21 -0.730508
26 22 -0.352422
26 23 0.90109
26 24 0.0642611
26 25 -0.504629
26 26 -0.125447
26 27 0.338176
26 28 0.0953914
26 29 0.218109
26 30 0.72627
27 0 -0.238608
27 1 0.497911
27 2 -0.686606
27 3 -0.883752
27 4 -0.320586
27 5 0.634353
27 6 -0.244905
27 7 0.94521
27 8 0.210637
27 9 -0.323528
27 10 0.855967
27 11 0.796849
27 12 0.701413
27 13 -0.486416
27 14 -0.429009
27 15 0.559894
27 16 0.40279
27 17 -0.0149764
27 18 0.935335
27 19 -0.047677
27 20 0.989811
27 21 -0.0188428
27 22 0.00690679
27 23 0.537546
27 24 -0.223831
27 25 -0.0934815
27 26 -0.734292
27 27 0.517013
27 28 0.130474
27 29 0.297273
27 30 0.596116
28 0 -0.559104
28 1 0.715782
28 2 0.809458
28 3 -0.41596
28 4 0.45174
28 5 -0.321108
28 6 -0.454638
28 7 -0.659451
28 8 0.328036
28 9 0.0717033
28 10 0.658219
28 11 -0.465276
28 12 -0.647688
28 13 -0.137627
28 14 -0.0486899
28 15 0.570442
28 16 -0.738697
28 17 -0.897289
28 18 0.255013
28 19 -0.941825
28 20 -0.727611
28 21 0.389111
28 22 0.0313579
28 23 0.0851648
28 24 0.616967
28 25 0.587372
28 26 0.00373417
28 27 -0.446736
28 28 -0.76067
28 29 0.773196
28 30 0.940578
29 0 0.885053
29 1 0.276256
29 2 -0.81882
29 3 -0.850584
29 4 -0.635098
29 5 -0.936625
29 6 0.449873
29 7 -0.711682
29 8 0.271854
29 9 0.579695
29 10 0.132506
29 11 -0.245172
29 12 0.643172
29 13 -0.390238
29 14 -0.361254
29 15 0.56996
29 16 0.00747287
29 17 -0.478007
29 18 0.464951
29 19 -0.6741
29 20 0.84215
29 21 -0.555553
29 22 -0.832783
29 23 -0.852597
29 24 0.539103
29 25 0.635354
29 26 0.480851
29 27 0.516498
29 28 0.92239
29 29 -0.0671501
29 30 0.573993
30 0 -0.154864
30 1 0.88746
30 2 -0.997371
30 3 0.962536
30 4 0.140388
30 5 -0.307059
30 6 0.115006
30 7 -0.400431
30 8 -0.681854
30 9 0.330513
30 10 0.368406
30 11 0.584819
30 12 -0.302751
30 13 -0.499851
30 14 -0.309993
30 15 -0.342735
30 16 0.854971
30 17 0.512145
30 18 -0.423523
30 19 0.21236
30 20 0.532059
30 21 0.692305
30 22 0.803962
30 23 0.191414
30 24 -0.862928
30 25 -0.563913
30 26 0.738817
30 27 -0.171564
30 28 0.322418
30 29 0.56697
30 30 -0.504228
0 0 10
0 1 10
0 2 10
0 3 10
0 4 10
0 5 10
0 6 10
0 7 10
0 8 10
0 9 10
0 10 10
0 11 10
0 12 10
0 13 10
0 14 10
0 15 10
0 16 10
0 17 10
0 18 10
0 19 10
0 20 10
0 21 10
0 22 10
0 23 10
0 24 10
0 25 10
0 26 10
0 27 10
0 28 10
0 29 10
0 30 10
1 0 10
1 1 10
1 2 10
1 3 10
1 4 10
1 5 10
1 6 10
1 7 10
1 8 10
1 9 10
1 10 10
1 11 10
1 12 10
1 13 10
1 14 10
1 15 10
1 16 10
1 17 10
1 18 10
1 19 10
1 20 10
1 21 10
1 22 10
1 23 10
1 24 10
1 25 10
1 26 10
1 27 10
1 28 10
1 29 10
1 30 10
2 0 10
2 1 10
2 2 10
2 3 10
2 4 10
2 5 10
2 6 10
2 7 10
2 8 10
2 9 10
2 10 10
2 11 10
2 12 10
2 13 10
2 14 10
2 15 10
2 16 10
2 17 10
2 18 10
2 19 10
2 20 10
2 21 10
2 22 10
2 23 10
2 24 10
2 25 10
2 26 10
2 27 10
2 28 10
2 29 10
2 30 10
3 0 10
3 1 10
3 2 10
3 3 10
3 4 10
3 5 10
3 6 10
3 7 10
3 8 10
3 9 10
3 10 10
3 11 10
3 12 10
3 13 10
3 14 10
3 15 10
3 16 10
3 17 10
3 18 10
3 19 10
3 20 10
3 21 10
3 22 10
3 23 10
3 24 10
3 25 10
3 26 10
3 27 10
3 28 10
3 29 10
3 30 10
4 0 10
4 1 10
4 2 10
4 3 10
4 4 10
4 5 10
4 6 10
4 7 10
4 8 10
4 9 10
4 10 10
4 11 10
4 12 10
4 13 10
4 14 10
4 15 10
4 16 10
4 17 10
4 18 10
4 19 10
4 20 10
4 21 10
4 22 10
4 23 10
4 24 10
4 25 10
4 26 10
4 27 10
4 28 10
4 29 10
4 30 10
5 0 10
5 1 10
5 2 10
5 3 10
5 4 10
5 5 10
5 6 10
5 7 10
5 8 10
5 9 10
5 10 10
5 11 10
5 12 10
5 13 10
5 14 10
5 15 10
5 16 10
5 17 10
5 18 10
5 19 10
5 20 10
5 21 10
5 22 10
5 23 10
5 24 10
5 25 10
5 26 10
5 27 10
5 28 10
5 29 10
5 30 10
6 0 10
6 1 10
6 2 10
6 3 10
6 4 10
6 5 10
6 6 10
6 7 10
6 8 10
6 9 10
6 10 10
6 11 10
6 12 10
6 13 10
6 14 10
6 15 10
6 16 10
6 17 10
6 18 10
6 19 10
6 20 10
6 21 10
6 22 10
6 23 10
6 24 10
6 25 10
6 26 10
6 27 10
6 28 10
6 29 10
6 30 10
7 0 10
7 1 10
7 2 10
7 3 10
7 4 10
7 5 10
7 6 10
7 7 10
7 8 10
7 9 10
7 10 10
7 11 10
7 12 10
7 13 10
7 14 10
7 15 10
7 16 10
7 17 10
7 18 10
7 19 10
7 20 10
7 21 10
7 22 10
7 23 10
7 24 10
7 25 10
7 26 10
7 27 10
7 28 10
7 29 10
7 30 10
8 0 10
8 1 10
8 2 10
8 3 10
8 4 10
8 5 10
8 6 10
8 7 10
8 8 10
8 9 10
8 10 10
8 11 10
8 12 10
8 13 10
8 14 10
8 15 10
8 16 10
8 17 10
8 18 10
8 19 10
8 20 10
8 21 10
8 22 10
8 23 10
8 24 10
8 25 10
8 26 10
8 27 10
8 28 10
8 29 10
8 30 10
9 0 10
9 1 10
9 2 10
9 3 10
9 4 10
9 5 10
9 6 10
9 7 10
9 8 10
9 9 10
9 10 10
9 11 10
9 12 10
9 13 10
9 14 10
9 15 10
9 16 10
9 17 10
9 18 10
9 19 10
9 20 10
9 21 10
9 22 10
9 23 10
9 24 10
9 25 10
9 26 10
9 27 10
9 28 10
9 29 10
9 30 10
10 0 10
10 1 10
10 2 10
10 3 10
10 4 10
10 5 10
10 6 10
10 7 10
10 8 10
10 9 10
10 10 10
10 11 10
10 12 10
10 13 10
10 14 10
10 15 10
10 16 10
10 17 10
10 18 10
10 19 10
10 20 10
10 21 10
10 22 10
10 23 10
10 24 10
10 25 10
10 26 10
10 27 10
10 28 10
10 29 10
10 30 10
11 0 10
11 1 10
11 2 10
11 3 10
11 4 10
11 5 10
11 6 10
11 7 10
11 8 10
11 9 10
11 10 10
11 11 10
11 12 10
11 13 10
11 14 10
11 15 10
11 16 10
11 17 10
11 18 10
11 19 10
11 20 10
11 21 10
11 22 10
11 23 10
11 24 10
11 25 10
11 26 10
11 27 10
11 28 10
11 29 10
11 30 10
12 0 10
12 1 10
12 2 10
12 3 10
12 4 10
12 5 10
12 6 10
12 7 10
12 8 10
12 9 10
12 10 10
12 11 10
12 12 10
12 13 10
12 14 10
12 15 10
12 16 10
12 17 10
12 18 10
12 19 10
12 20 10
12 21 10
12 22 10
12 23 10
12 24 10
12 25 10
12 26 10
12 27 10
12 28 10
12 29 10
12 30 10
13 0 10
13 1 10
13 2 10
13 3 10
13 4 10
13 5 10
13 6 10
13 7 10
13 8 10
13 9 10
13 10 10
13 11 10
13 12 10
13 13 10
13 14 10
13 15 10
13 16 10
13 17 10
13 18 10
13 19 10
13 20 10
13 21 10
13 22 10
13 23 10
13 24 10
13 25 10
13 26 10
13 27 10
13 28 10
13 29 10
13 30 10
14 0 10
14 1 10
14 2 10
14 3 10
14 4 10
14 5 10
14 6 10
14 7 10
14 8 10
14 9 10
14 10 10
14 11 10
14 12 10
14 13 10
14 14 10
14 15 10
14 16 10
14 17 10
14 18 10
14 19 10
14 20 10
14 21 10
14 22 10
14 23 10
14 24 10
14 25 10
14 26 10
14 27 10
14 28 10
14 29 10
14 30 10
15 0 10
15 1 10
15 2 10
15 3 10
15 4 10
15 5 10
15 6 10
15 7 10
15 8 10
15 9 10
15 10 10
15 11 10
15 12 10
15 13 10
15 14 10
15 15 10
15 16 10
15 17 10
15 18 10
15 19 10
15 20 10
15 21 10
15 22 10
15 23 10
15 24 10
15 25 10
15 26 10
15 27 10
15 28 10
15 29 10
15 30 10
16 0 10
16 1 10
16 2 10
16 3 10
16 4 10
16 5 10
16 6 10
16 7 10
16 8 10
16 9 10
16 10 10
16 11 10
16 12 10
16 13 10
16 14 10
16 15 10
16 16 10
16 17 10
16 18 10
16 19 10
16 20 10
16 21 10
16 22 10
16 23 10
16 24 10
16 25 10
16 26 10
16 27 10
16 28 10
16 29 10
16 30 10
17 0 10
17 1 10
17 2 10
17 3 10
17 4 10
17 5 10
17 6 10
17 7 10
17 8 10
17 9 10
17 10 10
17 11 10
17 12 10
17 13 10
17 14 10
17 15 10
17 16 10
17 17 10
17 18 10
17 19 10
17 20 10
17 21 10
17 22 10
17 23 10
17 24 10
17 25 10
17 26 10
17 27 10
17 28 10
17 29 10
17 30 10
18 0 10
18 1 10
18 2 10
18 3 10
18 4 10
18 5 10
18 6 10
18 7 10
18 8 10
18 9 10
18 10 10
18 11 10
18 12 10
18 13 10
18 14 10
18 15 10
18 16 10
18 17 10
18 18 10
18 19 10
18 20 10
18 21 10
18 22 10
18 23 10
18 24 10
18 25 10
18 26 10
18 27 10
18 28 10
18 29 10
18 30 10
19 0 10
19 1 10
19 2 10
19 3 10
19 4 10
19 5 10
19 6 10
19 7 10
19 8 10
19 9 10
19 10 10
19 11 10
19 12 10
19 13 10
19 14 10
19 15 10
19 16 10
19 17 10
19 18 10
19 19 10
19 20 10
19 21 10
19 22 10
19 23 10
19 24 10
19 25 10
19 26 10
19 27 10
19 28 10
19 29 10
19 30 10
20 0 10
20 1 10
20 2 10
20 3 10
20 4 10
20 5 10
20 6 10
20 7 10
20 8 10
20 9 10
20 10 10
20 11 10
20 12 10
20 13 10
20 14 10
20 15 10
20 16 10
20 17 10
20 18 10
20 19 10
20 20 10
20 21 10
20 22 10
20 23 10
20 24 10
20 25 10
20 26 10
20 27 10
20 28 10
20 29 10
20 30 10
21 0 10
21 1 10
21 2 10
21 3 10
21 4 10
21 5 10
21 6 10
21 7 10
21 8 10
21 9 10
21 10 10
21 11 10
21 12 10
21 13 10
21 14 10
21 15 10
21 16 10
21 17 10
21 18 10
21 19 10
21 20 10
21 21 10
21 22 10
21 23 10
21 24 10
21 25 10
21 26 10
21 27 10
21 28 10
21 29 10
21 30 10
22 0 10
22 1 10
22 2 10
22 3 10
22 4 10
22 5 10
22 6 10
22 7 10
22 8 10
22 9 10
22 10 10
22 11 10
22 12 10
22 13 10
22 14 10
22 15 10
22 16 10
22 17 10
22 18 10
22 19 10
22 20 10
22 21 10
22 22 10
22 23 10
22 24 10
22 25 10
22 26 10
22 27 10
22 28 10
22 29 10
22 30 10
23 0 10
23 1 10
23 2 10
23 3 10
23 4 10
23 5 10
23 6 10
23 7 10
23 8 10
23 9 10
23 10 10
23 11 10
23 12 10
23 13 10
23 14 10
23 15 10
23 16 10
23 17 10
23 18 10
23 19 10
23 20 10
23 21 10
23 22 10
23 23 10
23 24 10
23 25 10
23 26 10
23 27 10
23 28 10
23 29 10
23 30 10
24 0 10
24 1 10
24 2 10
24 3 10
24 4 10
24 5 10
24 6 10
24 7 10
24 8 10
24 9 10
24 10 10
24 11 10
24 12 10
24 13 10
24 14 10
24 15 10
24 16 10
24 17 10
24 18 10
24 19 10
24 20 10
24 21 10
24 22 10
24 23 10
24 24 10
24 25 10
24 26 10
24 27 10
24 28 10
24 29 10
24 30 10
25 0 10
25 1 10
25 2 10
25 3 10
25 4 10
25 5 10
25 6 10
25 7 10
25 8 10
25 9 10
25 10 10
25 11 10
25 12 10
25 13 10
25 14 10
25 15 10
25 16 10
25 17 10
25 18 10
25 19 10
25 20 10
25 21 10
25 22 10
25 23 10
25 24 10
25 25 10
25 26 10
25 27 10
25 28 10
25 29 10
25 30 10
26 0 10
26 1 10
26 2 10
26 3 10
26 4 10
26 5 10
26 6 10
26 7 10
26 8 10
26 9 10
26 10 10
26 11 10
26 12 10
26 13 10
26 14 10
26 15 10
26 16 10
26 17 10
26 18 10
26 19 10
26 20 10
26 21 10
26 22 10
26 23 10
26 24 10
26 25 10
26 26 10
26 27 10
26 28 10
26 29 10
26 30 10
27 0 10
27 1 10
27 2 10
27 3 10
27 4 10
27 5 10
27 6 10
27 7 10
27 8 10
27 9 10
27 10 10
27 11 10
27 12 10
27 13 10
27 14 10
27 15 10
27 16 10
27 17 10
27 18 10
27 19 10
27 20 10
27 21 10
27 22 10
27 23 10
27 24 10
27 25 10
27 26 10
27 27 10
27 28 10
27 29 10
27 30 10
28 0 10
28 1 10
28 2 10
28 3 10
28 4 10
28 5 10
28 6 10
28 7 10
28 8 10
28 9 10
28 10 10
28 11 10
28 12 10
28 13 10
28 14 10
28 15 10
28 16 10
28 17 10
28 18 10
28 19 10
28 20 10
28 21 10
28 22 10
28 23 10
28 24 10
28 25 10
28 26 10
28 27 10
28 28 10
28 29 10
28 30 10
29 0 10
29 1 10
29 2 10
29 3 10
29 4 10
29 5 10
29 6 10
29 7 10
29 8 10
29 9 10
29 10 10
29 11 10
29 12 10
29 13 10
29 14 10
29 15 10
29 16 10
29 17 10
29 18 10
29 19 10
29 20 10
29 21 10
29 22 10
29 23 10
29 24 10
29 25 10
29 26 10
29 27 10
29 28 10
29 29 10
29 30 10
30 0 10
30 1 10
30 2 10
30 3 10
30 4 10
30 5 10
30 6 10
30 7 10
30 8 10
30 9 10
30 10 10
30 11 10
30 12 10
30 13 10
30 14 10
30 15 10
30 16 10
30 17 10
30 18 10
30 19 10
30 20 10
30 21 10
30 22 10
30 23 10
30 24 10
30 25 10
30 26 10
30 27 10
30 28 10
30 29 10
30 30 10
0 0 0.108851
0 1 -0.540829
0 2 -0.986174
0 3 0.533279
0 4 -0.956334
0 5 -0.213793
0 6 -0.49492
0 7 -0.591566
0 8 0.324559
0 9 0.829484
0 10 -0.986195
0 11 0.492846
0 12 0.599342
0 13 0.815598
0 14 0.949148
0 15 -0.760273
0 16 0.0379395
0 17 0.64395
0 18 0.274046
0 19 0.907821
0 20 0.893853
0 21 0.93321
0 22 -0.865312
0 23 -0.12493
0 24 -0.35832
0 25 -0.731896
0 26 -0.73083
0 27 0.611895
0 28 0.0495285
0 29 0.888514
0 30 0.97668
0 0 1
0 1 1
0 2 1
0 3 1
0 4 1
0 5 1
0 6 1
0 7 1
0 8 1
0 9 1
0 10 1
0 11 1
0 12 1
0 13 1
0 14 1
0 15 1
0 16 1
0 17 1
0 18 1
0 19 1
0 20 1
0 21 1
0 22 1
0 23 1
0 24 1
0 25 1
0 26 1
0 27 1
0 28 1
0 29 1
0 30 1
0 0 2
0 1 2
0 2 2
0 3 2
0 4 2
0 5 2
0 6 2
0 7 2
0 8 2
0 9 2
0 10 2
0 11 2
0 12 2
0 13 2
0 14 2
0 15 2
0 16 2
0 17 2
0 18 2
0 19 2
0 20 2
0 21 2
0 22 2
0 23 2
0 24 2
0 25 2
0 26 2
0 27 2
0 28 2
0 29 2
0 30 2
0 0 3
0 1 3
0 2 3
0 3 3
0 4 3
0 5 3
0 6 3
0 7 3
0 8 3
0 9 3
0 10 3
0 11 3
0 12 3
0 13 3
0 14 3
0 15 3
0 16 3
0 17 3
0 18 3
0 19 3
0 20 3
0 21 3
0 22 3
0 23 3
0 24 3
0 25 3
0 26 3
0 27 3
0 28 3
0 29 3
0 30 3
0 0 4
0 1 4
0 2 4
0 3 4
0 4 4
0 5 4
0 6 4
0 7 4
0 8 4
0 9 4
0 10 4
0 11 4
0 12 4
0 13 4
0 14 4
0 15 4
0 16 4
0 17 4
0 18 4
0 19 4
0 20 4
0 21 4
0 22 4
0 23 4
0 24 4
0 25 4
0 26 4
0 27 4
0 28 4
0 29 4
0 30 4
0 0 5
0 1 5
0 2 5
0 3 5
0 4 5
0 5 5
0 6 5
0 7 5
0 8 5
0 9 5
0 10 5
0 11 5
0 12 5
0 13 5
0 14 5
0 15 5
0 16 5
0 17 5
0 18 5
0 19 5
0 20 5
0 21 5
0 22 5
0 23 5
0 24 5
0 25 5
0 26 5
0 27 5
0 28 5
0 29 5
0 30 5
0 0 6
0 1 6
0 2 6
0 3 6
0 4 6
0 5 6
0 6 6
0 7 6
0 8 6
0 9 6
0 10 6
0 11 6
0 12 6
0 13 6
0 14 6
0 15 6
0 16 6
0 17 6
0 18 6
0 19 6
0 20 6
0 21 6
0 22 6
0 23 6
0 24 6
0 25 6
0 26 6
0 27 6
0 28 6
0 29 6
0 30 6
0 0 7
0 1 7
0 2 7
0 3 7
0 4 7
0 5 7
0 6 7
0 7 7
0 8 7
0 9 7
0 10 7
0 11 7
0 12 7
0 13 7
0 14 7
0 15 7
0 16 7
0 17 7
0 18 7
0 19 7
0 20 7
0 21 7
0 22 7
0 23 7
0 24 7
0 25 7
0 26 7
0 27 7
0 28 7
0 29 7
0 30 7
0 0 8
0 1 8
0 2 8
0 3 8
0 4 8
0 5 8
0 6 8
0 7 8
0 8 8
0 9 8
0 10 8
0 11 8
0 12 8
0 13 8
0 14 8
0 15 8
0 16 8
0 17 8
0 18 8
0 19 8
0 20 8
0 21 8
0 22 8
0 23 8
0 24 8
0 25 8
0 26 8
0 27 8
0 28 8
0 29 8
0 30 8
0 0 9
0 1 9
0 2 9
0 3 9
0 4 9
0 5 9
0 6 9
0 7 9
0 8 9
0 9 9
0 10 9
0 11 9
0 12 9
0 13 9
0 14 9
0 15 9
0 16 9
0 17 9
0 18 9
0 19 9
0 20 9
0 21 9
0 22 9
0 23 9
0 24 9
0 25 9
0 26 9
0 27 9
0 28 9
0 29 9
0 30 9
0 0 10
0 1 10
0 2 10
0 3 10
0 4 10
0 5 10
0 6 10
0 7 10
0 8 10
0 9 10
0 10 10
0 11 10
0 12 10
0 13 10
0 14 10
0 15 10
0 16 10
0 17 10
0 18 10
0 19 10
0 20 10
0 21 10
0 22 10
0 23 10
0 24 10
0 25 10
0 26 10
0 27 10
0 28 10
0 29 10
0 30 10
30 0 -0.180212
30 1 -0.257624
30 2 -0.546292
30 3 -0.107938
30 4 -0.467557
30 5 -0.0818072
30 6 -0.134189
30 7 -0.480753
30 8 -0.732571
30 9 -0.161543
30 10 0.013721
30 11 -0.351351
30 12 0.369378
30 13 -0.113813
30 14 -0.128674
30 15 0.586047
30 16 0.631113
30 17 0.504225
30 18 0.578512
30 19 0.00253491
30 20 0.110364
30 21 0.261499
30 22 -0.804022
30 23 -0.508648
30 24 0.23145
30 25 -0.39008
30 26 0.533935
30 27 -0.465542
30 28 -0.920987
30 29 -0.406876
30 30 0.11273
30 0 1
30 1 1
30 2 1
30 3 1
30 4 1
30 5 1
30 6 1
30 7 1
30 8 1
30 9 1
30 10 1
30 11 1
30 12 1
30 13 1
30 14 1
30 15 1
30 16 1
30 17 1
30 18 1
30 19 1
30 20 1
30 21 1
30 22 1
30 23 1
30 24 1
30 25 1
30 26 1
30 27 1
30 28 1
30 29 1
30 30 1
30 0 2
30 1 2
30 2 2
30 3 2
30 4 2
30 5 2
30 6 2
30 7 2
30 8 2
30 9 2
30 10 2
30 11 2
30 12 2
30 13 2
30 14 2
30 15 2
30 16 2
30 17 2
30 18 2
30 19 2
30 20 2
30 21 2
30 22 2
30 23 2
30 24 2
30 25 2
30 26 2
30 27 2
30 28 2
30 29 2
30 30 2
30 0 3
30 1 3
30 2 3
30 3 3
30 4 3
30 5 3
30 6 3
30 7 3
30 8 3
30 9 3
30 10 3
30 11 3
30 12 3
30 13 3
30 14 3
30 15 3
30 16 3
30 17 3
30 18 3
30 19 3
30 20 3
30 21 3
30 22 3
30 23 3
30 24 3
30 25 3
30 26 3
30 27 3
30 28 3
30 29 3
30 30 3
30 0 4
30 1 4
30 2 4
30 3 4
30 4 4
30 5 4
30 6 4
30 7 4
30 8 4
30 9 4
30 10 4
30 11 4
30 12 4
30 13 4
30 14 4
30 15 4
30 16 4
30 17 4
30 18 4
30 19 4
30 20 4
30 21 4
30 22 4
30 23 4
30 24 4
30 25 4
30 26 4
30 27 4
30 28 4
30 29 4
30 30 4
30 0 5
30 1 5
30 2 5
30 3 5
30 4 5
30 5 5
30 6 5
30 7 5
30 8 5
30 9 5
30 10 5
30 11 5
30 12 5
30 13 5
30 14 5
30 15 5
30 16 5
30 17 5
30 18 5
30 19 5
30 20 5
30 21 5
30 22 5
30 23 5
30 24 5
30 25 5
30 26 5
30 27 5
30 28 5
30 29 5
30 30 5
30 0 6
30 1 6
30 2 6
30 3 6
30 4 6
30 5 6
30 6 6
30 7 6
30 8 6
30 9 6
30 10 6
30 11 6
30 12 6
30 13 6
30 14 6
30 15 6
30 16 6
30 17 6
30 18 6
30 19 6
30 20 6
30 21 6
30 22 6
30 23 6
30 24 6
30 25 6
30 26 6
30 27 6
30 28 6
30 29 6
30 30 6
30 0 7
30 1 7
30 2 7
30 3 7
30 4 7
30 5 7
30 6 7
30 7 7
30 8 7
30 9 7
30 10 7
30 11 7
30 12 7
30 13 7
30 14 7
30 15 7
30 16 7
30 17 7
30 18 7
30 19 7
30 20 7
30 21 7
30 22 7
30 23 7
30 24 7
30 25 7
30 26 7
30 27 7
30 28 7
30 29 7
30 30 7
30 0 8
30 1 8
30 2 8
30 3 8
30 4 8
30 5 8
30 6 8
30 7 8
30 8 8
30 9 8
30 10 8
30 11 8
30 12 8
30 13 8
30 14 8
30 15 8
30 16 8
30 17 8
30 18 8
30 19 8
30 20 8
30 21 8
30 22 8
30 23 8
30 24 8
30 25 8
30 26 8
30 27 8
30 28 8
30 29 8
30 30 8
30 0 9
30 1 9
30 2 9
30 3 9
30 4 9
30 5 9
30 6 9
30 7 9
30 8 9
30 9 9
30 10 9
30 11 9
30 12 9
30 13 9
30 14 9
30 15 9
30 16 9
30 17 9
30 18 9
30 19 9
30 20 9
30 21 9
30 22 9
30 23 9
30 24 9
30 25 9
30 26 9
30 27 9
30 28 9
30 29 9
30 30 9
30 0 10
30 1 10
30 2 10
30 3 10
30 4 10
30 5 10
30 6 10
30 7 10
30 8 10
30 9 10
30 10 10
30 11 10
30 12 10
30 13 10
30 14 10
30 15 10
30 16 10
30 17 10
30 18 10
30 19 10
30 20 10
30 21 10
30 22 10
30 23 10
30 24 10
30 25 10
30 26 10
30 27 10
30 28 10
30 29 10
30 30 10
0 0 0.938149
0 0 1
0 0 2
0 0 3
0 0 4
0 0 5
0 0 6
0 0 7
0 0 8
0 0 9
0 0 10
1 0 0.378249
1 0 1
1 0 2
1 0 3
1 0 4
1 0 5
1 0 6
1 0 7
1 0 8
1 0 9
1 0 10
2 0 0.435763
2 0 1
2 0 2
2 0 3
2 0 4
2 0 5
2 0 6
2 0 7
2 0 8
2 0 9
2 0 10
3 0 0.118058
3 0 1
3 0 2
3 0 3
3 0 4
3 0 5
3 0 6
3 0 7
3 0 8
3 0 9
3 0 10
4 0 0.0667084
4 0 1
4 0 2
4 0 3
4 0 4
4 0 5
4 0 6
4 0 7
4 0 8
4 0 9
4 0 10
5 0 0.751448
5 0 1
5 0 2
5 0 3
5 0 4
5 0 5
5 0 6
5 0 7
5 0 8
5 0 9
5 0 10
6 0 -0.213803
6 0 1
6 0 2
6 0 3
6 0 4
6 0 5
6 0 6
6 0 7
6 0 8
6 0 9
6 0 10
7 0 -0.0838661
7 0 1
7 0 2
7 0 3
7 0 4
7 0 5
7 0 6
7 0 7
7 0 8
7 0 9
7 0 10
8 0 -0.58351
8 0 1
8 0 2
8 0 3
8 0 4
8 0 5
8 0 6
8 0 7
8 0 8
8 0 9
8 0 10
9 0 0.514546
9 0 1
9 0 2
9 0 3
9 0 4
9 0 5
9 0 6
9 0 7
9 0 8
9 0 9
9 0 10
10 0 0.0933841
10 0 1
10 0 2
10 0 3
10 0 4
10 0 5
10 0 6
10 0 7
10 0 8
10 0 9
10 0 10
11 0 -0.285224
11 0 1
11 0 2
11 0 3
11 0 4
11 0 5
11 0 6
11 0 7
11 0 8
11 0 9
11 0 10
12 0 0.401996
12 0 1
12 0 2
12 0 3
12 0 4
12 0 5
12 0 6
12 0 7
12 0 8
12 0 9
12 0 10
13 0 -0.781555
13 0 1
13 0 2
13 0 3
13 0 4
13 0 5
13 0 6
13 0 7
13 0 8
13 0 9
13 0 10
14 0 -0.986778
14 0 1
14 0 2
14 0 3
14 0 4
14 0 5
14 0 6
14 0 7
14 0 8
14 0 9
14 0 10
15 0 0.194604
15 0 1
15 0 2
15 0 3
15 0 4
15 0 5
15 0 6
15 0 7
15 0 8
15 0 9
15 0 10
16 0 0.318352
16 0 1
16 0 2
16 0 3
16 0 4
16 0 5
16 0 6
16 0 7
16 0 8
16 0 9
16 0 10
17 0 0.160013
17 0 1
17 0 2
17 0 3
17 0 4
17 0 5
17 0 6
17 0 7
17 0 8
17 0 9
17 0 10
18 0 0.819903
18 0 1
18 0 2
18 0 3
18 0 4
18 0 5
18 0 6
18 0 7
18 0 8
18 0 9
18 0 10
19 0 0.272012
19 0 1
19 0 2
19 0 3
19 0 4
19 0 5
19 0 6
19 0 7
19 0 8
19 0 9
19 0 10
20 0 0.0511225
20 0 1
20 0 2
20 0 3
20 0 4
20 0 5
20 0 6
20 0 7
20 0 8
20 0 9
20 0 10
21 0 -0.480754
21 0 1
21 0 2
21 0 3
21 0 4
21 0 5
21 0 6
21 0 7
21 0 8
21 0 9
21 0 10
22 0 -0.897658
22 0 1
22 0 2
22 0 3
22 0 4
22 0 5
22 0 6
22 0 7
22 0 8
22 0 9
22 0 10
23 0 0.4639
23 0 1
23 0 2
23 0 3
23 0 4
23 0 5
23 0 6
23 0 7
23 0 8
23 0 9
23 0 10
24 0 -0.671417
24 0 1
24 0 2
24 0 3
24 0 4
24 0 5
24 0 6
24 0 7
24 0 8
24 0 9
24 0 10
25 0 -0.439206
25 0 1
25 0 2
25 0 3
25 0 4
25 0 5
25 0 6
25 0 7
25 0 8
25 0 9
25 0 10
26 0 -0.481145
26 0 1
26 0 2
26 0 3
26 0 4
26 0 5
26 0 6
26 0 7
26 0 8
26 0 9
26 0 10
27 0 0.0941919
27 0 1
27 0 2
27 0 3
27 0 4
27 0 5
27 0 6
27 0 7
27 0 8
27 0 9
27 0 10
28 0 0.0825369
28 0 1
28 0 2
28 0 3
28 0 4
28 0 5
28 0 6
28 0 7
28 0 8
28 0 9
28 0 10
29 0 0.576226
29 0 1
29 0 2
29 0 3
29 0 4
29 0 5
29 0 6
29 0 7
29 0 8
29 0 9
29 0 10
30 0 0.739211
30 0 1
30 0 2
30 0 3
30 0 4
30 0 5
30 0 6
30 0 7
30 0 8
30 0 9
30 0 10
0 30 0.575081
0 30 1
0 30 2
0 30 3
0 30 4
0 30 5
0 30 6
0 30 7
0 30 8
0 30 9
0 30 10
1 30 0.938856
1 30 1
1 30 2
1 30 3
1 30 4
1 30 5
1 30 6
1 30 7
1 30 8
1 30 9
1 30 10
2 30 -0.639064
2 30 1
2 30 2
2 30 3
2 30 4
2 30 5
2 30 6
2 30 7
2 30 8
2 30 9
2 30 10
3 30 0.861198
3 30 1
3 30 2
3 30 3
3 30 4
3 30 5
3 30 6
3 30 7
3 30 8
3 30 9
3 30 10
4 30 -0.909696
4 30 1
4 30 2
4 30 3
4 30 4
4 30 5
4 30 6
4 30 7
4 30 8
4 30 9
4 30 10
5 30 -0.518708
5 30 1
5 30 2
5 30 3
5 30 4
5 30 5
5 30 6
5 30 7
5 30 8
5 30 9
5 30 10
6 30 -0.98229
6 30 1
6 30 2
6 30 3
6 30 4
6 30 5
6 30 6
6 30 7
6 30 8
6 30 9
6 30 10
7 30 0.343187
7 30 1
7 30 2
7 30 3
7 30 4
7 30 5
7 30 6
7 30 7
7 30 8
7 30 9
7 30 10
8 30 0.809626
8 30 1
8 30 2
8 30 3
8 30 4
8 30 5
8 30 6
8 30 7
8 30 8
8 30 9
8 30 10
9 30 0.144833
9 30 1
9 30 2
9 30 3
9 30 4
9 30 5
9 30 6
9 30 7
9 30 8
9 30 9
9 30 10
10 30 -0.689077
10 30 1
10 30 2
10 30 3
10 30 4
10 30 5
10 30 6
10 30 7
10 30 8
10 30 9
10 30 10
11 30 0.00473487
11 30 1
11 30 2
11 30 3
11 30 4
11 30 5
11 30 6
11 30 7
11 30 8
11 30 9
11 30 10
12 30 0.135466
12 30 1
12 30 2
12 30 3
12 30 4
12 30 5
12 30 6
12 30 7
12 30 8
12 30 9
12 30 10
13 30 -0.623456
13 30 1
13 30 2
13 30 3
13 30 4
13 30 5
13 30 6
13 30 7
13 30 8
13 30 9
13 30 10
14 30 -0.351607
14 30 1
14 30 2
14 30 3
14 30 4
14 30 5
14 30 6
14 30 7
14 30 8
14 30 9
14 30 10
15 30 0.432075
15 30 1
15 30 2
15 30 3
15 30 4
15 30 5
15 30 6
15 30 7
15 30 8
15 30 9
15 30 10
16 30 0.105857
16 30 1
16 30 2
16 30 3
16 30 4
16 30 5
16 30 6
16 30 7
16 30 8
16 30 9
16 30 10
17 30 -0.715437
17 30 1
17 30 2
17 30 3
17 30 4
17 30 5
17 30 6
17 30 7
17 30 8
17 30 9
17 30 10
18 30 -0.239273
18 30 1
18 30 2
18 30 3
18 30 4
18 30 5
18 30 6
18 30 7
18 30 8
18 30 9
18 30 10
19 30 -0.206862
19 30 1
19 30 2
19 30 3
19 30 4
19 30 5
19 30 6
19 30 7
19 30 8
19 30 9
19 30 10
20 30 0.153483
20 30 1
20 30 2
20 30 3
20 30 4
20 30 5
20 30 6
20 30 7
20 30 8
20 30 9
20 30 10
21 30 -0.961197
21 30 1
21 30 2
21 30 3
21 30 4
21 30 5
21 30 6
21 30 7
21 30 8
21 30 9
21 30 10
22 30 0.15516
22 30 1
22 30 2
22 30 3
22 30 4
22 30 5
22 30 6
22 30 7
22 30 8
22 30 9
22 30 10
23 30 0.864392
23 30 1
23 30 2
23 30 3
23 30 4
23 30 5
23 30 6
23 30 7
23 30 8
23 30 9
23 30 10
24 30 -0.786254
24 30 1
24 30 2
24 30 3
24 30 4
24 30 5
24 30 6
24 30 7
24 30 8
24 30 9
24 30 10
25 30 0.4643
25 30 1
25 30 2
25 30 3
25 30 4
25 30 5
25 30 6
25 30 7
25 30 8
25 30 9
25 30 10
26 30 0.941046
26 30 1
26 30 2
26 30 3
26 30 4
26 30 5
26 30 6
26 30 7
26 30 8
26 30 9
26 30 10
27 30 0.217771
27 30 1
27 30 2
27 30 3
27 30 4
27 30 5
27 30 6
27 30 7
27 30 8
27 30 9
27 30 10
28 30 0.439331
28 30 1
28 30 2
28 30 3
28 30 4
28 30 5
28 30 6
28 30 7
28 30 8
28 30 9
28 30 10
29 30 -0.394495
29 30 1
29 30 2
29 30 3
29 30 4
29 30 5
29 30 6
29 30 7
29 30 8
29 30 9
29 30 10
30 30 -0.0819552
30 30 1
30 30 2
30 30 3
30 30 4
30 30 5
30 30 6
30 30 7
30 30 8
30 30 9
30 30 10
