0 0 -1.80789
0 1 -0.458592
0 2 -0.553134
0 3 -0.849664
0 4 1.26685
0 5 -0.197888
0 6 1.22653
0 7 1.16069
0 8 -0.868169
0 9 -1.72676
0 10 -1.78028
0 11 0.550091
0 12 -0.302858
0 13 1.62213
0 14 -0.330716
0 15 -1.38377
0 16 0.159997
0 17 1.74837
0 18 0.64382
0 19 -0.42137
0 20 -0.964038
0 21 1.39165
0 22 1.78022
0 23 -0.492001
0 24 -1.73088
0 25 -1.27367
0 26 0.30299
0 27 -1.25646
0 28 -0.834207
0 29 -0.153344
0 30 -0.61209
1 0 -0.727337
1 1 -0.160342
1 2 -1.05642
1 3 -1.88899
1 4 0.633814
1 5 -1.36479
1 6 1.21065
1 7 -0.365681
1 8 -0.690432
1 9 0.984059
1 10 0.985408
1 11 -1.30418
1 12 -1.52982
1 13 -1.30385
1 14 0.509637
1 15 1.36756
1 16 0.0403314
1 17 -1.33695
1 18 0.857221
1 19 1.62815
1 20 -1.12585
1 21 1.48385
1 22 -1.15266
1 23 1.34666
1 24 1.43721
1 25 0.0935099
1 26 -0.0905488
1 27 1.55953
1 28 -1.7397
1 29 0.0378245
1 30 0.483192
2 0 0.93427
2 1 -1.08002
2 2 -1.91251
2 3 -1.44404
2 4 1.07803
2 5 1.87906
2 6 -0.452822
2 7 1.97371
2 8 -0.694426
2 9 -1.45136
2 10 -0.460985
2 11 0.250543
2 12 0.535342
2 13 0.166426
2 14 -0.740026
2 15 -1.36269
2 16 -1.38954
2 17 -1.4522
2 18 0.839212
2 19 -0.140542
2 20 -1.54692
2 21 0.803515
2 22 -1.28006
2 23 1.21467
2 24 0.0558244
2 25 0.193753
2 26 -1.16862
2 27 1.13836
2 28 0.105959
2 29 0.284093
2 30 -0.311837
3 0 0.884625
3 1 -1.70745
3 2 0.379448
3 3 1.44791
3 4 -0.204796
3 5 0.61031
3 6 -0.786108
3 7 0.42976
3 8 -0.884391
3 9 1.19825
3 10 1.18468
3 11 1.81635
3 12 -0.222647
3 13 -0.172469
3 14 0.399269
3 15 1.37049
3 16 -1.8752
3 17 -1.25092
3 18 1.77438
3 19 1.79169
3 20 -0.188062
3 21 1.24333
3 22 1.71552
3 23 0.690869
3 24 -0.510671
3 25 -0.377217
3 26 -0.244704
3 27 0.714597
3 28 -0.139719
3 29 1.81306
3 30 -0.581208
4 0 -0.643917
4 1 1.58344
4 2 0.181737
4 3 0.997135
4 4 -1.50049
4 5 -0.187061
4 6 -1.701
4 7 0.653362
4 8 0.814607
4 9 1.6758
4 10 0.640288
4 11 0.76042
4 12 1.41489
4 13 -0.128393
4 14 -0.166085
4 15 1.22442
4 16 1.29907
4 17 -1.23826
4 18 -1.89731
4 19 -1.77274
4 20 -1.42826
4 21 -1.31433
4 22 0.503379
4 23 -1.88194
4 24 -0.110671
4 25 0.713771
4 26 -1.54084
4 27 -1.05574
4 28 -0.843678
4 29 -1.30897
4 30 -0.705176
5 0 1.20444
5 1 -0.801465
5 2 1.1025
5 3 0.211083
5 4 0.218767
5 5 0.922589
5 6 1.0945
5 7 1.60339
5 8 -1.44733
5 9 1.17631
5 10 -1.24235
5 11 -1.8841
5 12 -1.49045
5 13 -1.46506
5 14 -1.48676
5 15 1.74104
5 16 -0.90708
5 17 1.77072
5 18 0.552602
5 19 1.49012
5 20 -0.531707
5 21 -1.05519
5 22 -1.25073
5 23 0.182597
5 24 -0.979534
5 25 -0.776706
5 26 -1.93781
5 27 0.349952
5 28 1.85023
5 29 1.39939
5 30 -1.96824
6 0 0.536102
6 1 -0.562835
6 2 -1.54376
6 3 0.163272
6 4 -0.334314
6 5 0.068394
6 6 1.54449
6 7 -1.40242
6 8 -0.261294
6 9 -1.76384
6 10 -0.47588
6 11 0.889478
6 12 -1.61952
6 13 0.668762
6 14 -0.814398
6 15 0.394251
6 16 -1.39259
6 17 -0.254492
6 18 -1.94927
6 19 -1.08391
6 20 -0.945281
6 21 0.0455409
6 22 -1.13966
6 23 -0.615561
6 24 0.991268
6 25 -0.345522
6 26 -1.77699
6 27 -0.439887
6 28 -0.102064
6 29 1.30128
6 30 -0.785426
7 0 1.28716
7 1 0.262719
7 2 -1.78247
7 3 -0.959943
7 4 0.356414
7 5 -0.0810655
7 6 -1.2054
7 7 -1.04395
7 8 1.12077
7 9 0.46924
7 10 -1.42348
7 11 0.864528
7 12 -0.393974
7 13 -0.150459
7 14 0.829128
7 15 -0.395158
7 16 -1.94246
7 17 -1.70144
7 18 0.364273
7 19 -0.215994
7 20 1.70648
7 21 -1.62043
7 22 -0.498325
7 23 0.183995
7 24 -1.55329
7 25 1.61785
7 26 0.533108
7 27 1.62165
7 28 0.522212
7 29 -1.94309
7 30 -0.734089
8 0 -1.55252
8 1 0.517853
8 2 -1.75716
8 3 0.69598
8 4 -0.0902437
8 5 -0.777817
8 6 0.0653319
8 7 0.828113
8 8 1.25444
8 9 -0.736767
8 10 -0.754791
8 11 -0.620093
8 12 0.66522
8 13 1.44429
8 14 1.04712
8 15 1.50335
8 16 1.48494
8 17 -1.30884
8 18 1.4009
8 19 1.83835
8 20 1.08083
8 21 1.50006
8 22 -1.73035
8 23 0.587169
8 24 -0.703614
8 25 0.561388
8 26 1.519
8 27 -0.505449
8 28 1.06695
8 29 -1.32765
8 30 0.0788987
9 0 0.509822
9 1 0.855655
9 2 -0.774416
9 3 -0.945252
9 4 1.66401
9 5 0.460137
9 6 -1.6273
9 7 0.510789
9 8 -1.23189
9 9 1.10786
9 10 1.458
9 11 -0.665674
9 12 -1.45834
9 13 1.06187
9 14 -0.725545
9 15 -0.990482
9 16 -1.1997
9 17 -1.72396
9 18 0.207643
9 19 -0.384754
9 20 1.00046
9 21 -0.051266
9 22 -0.460856
9 23 -1.75437
9 24 -1.14523
9 25 0.175493
9 26 -0.357422
9 27 1.60385
9 28 -1.77484
9 29 -0.225963
9 30 0.15125
10 0 -1.46376
10 1 0.163789
10 2 1.42947
10 3 -1.20793
10 4 -1.37756
10 5 -1.75449
10 6 0.644296
10 7 -1.92559
10 8 -0.835588
10 9 1.8953
10 10 1.05856
10 11 -1.02526
10 12 0.728464
10 13 -1.44858
10 14 0.519247
10 15 1.42806
10 16 1.59919
10 17 -0.606526
10 18 -0.0547592
10 19 0.71807
10 20 0.816488
10 21 -0.156464
10 22 -0.542911
10 23 -0.878939
10 24 -1.69518
10 25 -0.2215
10 26 -1.33717
10 27 -0.405004
10 28 1.68234
10 29 0.0453375
10 30 1.65657
11 0 -1.63226
11 1 1.97215
11 2 -1.61427
11 3 -0.74741
11 4 1.1415
11 5 0.409601
11 6 -0.136367
11 7 -0.807475
11 8 -1.46731
11 9 -0.819964
11 10 -1.33349
11 11 -0.731584
11 12 -1.56064
11 13 1.32835
11 14 1.88637
11 15 -1.12691
11 16 0.824311
11 17 -1.84395
11 18 0.46518
11 19 0.677457
11 20 -1.85119
11 21 -1.98666
11 22 -1.43014
11 23 1.44962
11 24 -0.89585
11 25 0.126766
11 26 0.0888852
11 27 0.270471
11 28 -0.66787
11 29 -0.346334
11 30 -0.342607
12 0 1.93569
12 1 -1.76904
12 2 -0.413828
12 3 1.16528
12 4 0.376742
12 5 -0.761748
12 6 1.60721
12 7 -1.62749
12 8 -0.723891
12 9 1.54785
12 10 0.629727
12 11 0.738068
12 12 -0.104206
12 13 -1.43502
12 14 1.8037
12 15 1.5305
12 16 -0.250246
12 17 1.33983
12 18 -0.699426
12 19 -0.529443
12 20 1.17936
12 21 -1.60277
12 22 1.80713
12 23 -1.9941
12 24 -0.818417
12 25 -1.80618
12 26 -0.229038
12 27 1.15939
12 28 1.65408
12 29 0.133017
12 30 1.21631
13 0 0.250641
13 1 1.00351
13 2 -1.96308
13 3 -0.0928606
13 4 -0.998682
13 5 -0.768327
13 6 1.8678
13 7 -1.16478
13 8 0.081905
13 9 -1.09782
13 10 0.268791
13 11 1.99265
13 12 -1.47254
13 13 1.81871
13 14 -1.50449
13 15 -1.25505
13 16 0.586011
13 17 -1.48732
13 18 -1.67472
13 19 0.636908
13 20 -1.8904
13 21 1.94072
13 22 0.157324
13 23 -0.50466
13 24 0.82694
13 25 1.78965
13 26 -0.470891
13 27 0.771634
13 28 0.408285
13 29 1.10103
13 30 0.367337
14 0 -0.495281
14 1 1.4026
14 2 -1.09706
14 3 1.18783
14 4 1.98752
14 5 -0.874757
14 6 0.841524
14 7 0.658568
14 8 -0.340658
14 9 -0.00692039
14 10 1.79649
14 11 1.81273
14 12 0.931693
14 13 -0.46128
14 14 -1.83967
14 15 0.331734
14 16 0.258851
14 17 -0.57927
14 18 1.5208
14 19 0.498121
14 20 0.496062
14 21 -0.817034
14 22 -1.70128
14 23 -0.825176
14 24 -1.06104
14 25 -0.61641
14 26 1.39396
14 27 -1.35854
14 28 -1.36854
14 29 0.0346371
14 30 0.413204
15 0 -1.35441
15 1 0.541817
15 2 1.37576
15 3 1.12908
15 4 -0.941735
15 5 -0.741204
15 6 -1.26722
15 7 -0.210107
15 8 -0.693286
15 9 -0.880735
15 10 1.72706
15 11 -0.40123
15 12 -0.482307
15 13 0.371386
15 14 -1.72597
15 15 -1.17905
15 16 0.894473
15 17 0.30059
15 18 -1.19907
15 19 1.37392
15 20 -0.30508
15 21 0.179004
15 22 0.11187
15 23 -1.25957
15 24 -1.67324
15 25 -0.143626
15 26 -1.87778
15 27 -0.260063
15 28 0.23146
15 29 0.555129
15 30 -1.86313
16 0 0.839602
16 1 -1.3227
16 2 0.37353
16 3 0.43226
16 4 1.08944
16 5 -1.77491
16 6 1.4189
16 7 -0.462863
16 8 -0.401524
16 9 -0.69833
16 10 0.22156
16 11 -0.81832
16 12 -0.53552
16 13 -0.603807
16 14 0.520896
16 15 0.657768
16 16 1.96839
16 17 1.77745
16 18 -0.598609
16 19 -1.22801
16 20 1.6783
16 21 -0.845232
16 22 0.203438
16 23 1.6773
16 24 -1.63981
16 25 -0.969215
16 26 -0.291808
16 27 0.310893
16 28 1.59809
16 29 -1.1271
16 30 1.86813
17 0 -0.264074
17 1 1.13929
17 2 0.100935
17 3 -0.674893
17 4 -0.273625
17 5 0.871606
17 6 1.66485
17 7 1.56011
17 8 -1.46118
17 9 -1.52035
17 10 1.57381
17 11 0.612342
17 12 -1.83889
17 13 0.0188639
17 14 1.57781
17 15 -0.457086
17 16 -0.831792
17 17 -1.06385
17 18 -1.19621
17 19 -0.478776
17 20 0.379161
17 21 -0.926456
17 22 0.489771
17 23 1.21827
17 24 -1.58411
17 25 0.916961
17 26 0.594361
17 27 -0.101382
17 28 1.73165
17 29 -1.61423
17 30 0.396428
18 0 -1.06574
18 1 -1.87069
18 2 0.319437
18 3 1.36879
18 4 0.227588
18 5 1.35953
18 6 -1.18019
18 7 0.48502
18 8 -1.30392
18 9 -0.841841
18 10 -1.92599
18 11 0.805986
18 12 1.80837
18 13 0.996037
18 14 1.02691
18 15 0.168356
18 16 -0.871749
18 17 -1.0205
18 18 -0.854727
18 19 1.85254
18 20 -1.07722
18 21 0.149286
18 22 -1.17997
18 23 -0.263835
18 24 -1.43115
18 25 -0.497665
18 26 1.17424
18 27 1.25126
18 28 1.61516
18 29 0.161503
18 30 1.27145
19 0 0.833667
19 1 -1.82716
19 2 -1.41622
19 3 -1.06666
19 4 -1.0132
19 5 -1.31887
19 6 -1.05977
19 7 -0.898156
19 8 1.80643
19 9 -0.613316
19 10 -0.810712
19 11 -0.382295
19 12 -0.79105
19 13 1.02924
19 14 -0.561024
19 15 -1.5004
19 16 0.46873
19 17 -0.577922
19 18 -0.548247
19 19 -1.72605
19 20 1.46865
19 21 -0.168415
19 22 -1.68954
19 23 1.61968
19 24 -0.873216
19 25 0.455511
19 26 0.647432
19 27 -1.1999
19 28 1.83994
19 29 0.660424
19 30 0.165199
20 0 1.47588
20 1 0.22819
20 2 -1.91441
20 3 -0.0692778
20 4 1.23194
20 5 0.944037
20 6 0.289218
20 7 -1.96406
20 8 0.873122
20 9 -0.202294
20 10 0.638467
20 11 1.01283
20 12 1.21896
20 13 -1.88338
20 14 1.11927
20 15 0.269402
20 16 -1.69553
20 17 -0.993513
20 18 -1.46618
20 19 0.257896
20 20 0.163925
20 21 -1.72431
20 22 1.95372
20 23 -0.995618
20 24 -0.738108
20 25 -0.797372
20 26 -1.83184
20 27 0.111605
20 28 -0.975911
20 29 -0.36516
20 30 1.79005
21 0 1.67712
21 1 -1.51503
21 2 0.367779
21 3 -0.561391
21 4 0.877228
21 5 0.0942044
21 6 -0.956627
21 7 -0.0276828
21 8 1.42334
21 9 0.897625
21 10 -1.20356
21 11 -1.37086
21 12 -0.518098
21 13 1.44909
21 14 0.739051
21 15 0.536792
21 16 -1.43471
21 17 -1.68279
21 18 1.50458
21 19 -0.318285
21 20 -0.0493456
21 21 -0.158698
21 22 0.062709
21 23 -0.912022
21 24 -1.07368
21 25 1.59814
21 26 1.63479
21 27 0.414571
21 28 -0.539054
21 29 0.394362
21 30 0.673949
22 0 1.57826
22 1 -1.65066
22 2 0.156041
22 3 -0.2862
22 4 0.468614
22 5 0.235504
22 6 -1.0966
22 7 -1.58192
22 8 -1.96009
22 9 -1.76339
22 10 -0.709391
22 11 1.11791
22 12 -0.658086
22 13 0.478274
22 14 1.97154
22 15 0.592023
22 16 0.159103
22 17 -1.07098
22 18 0.959329
22 19 1.55597
22 20 1.43923
22 21 0.388243
22 22 0.619009
22 23 1.66006
22 24 -0.267268
22 25 -0.840957
22 26 0.527529
22 27 -0.818313
22 28 0.488115
22 29 -1.80986
22 30 1.97844
23 0 -1.17294
23 1 0.429456
23 2 -0.609479
23 3 0.870948
23 4 -1.88803
23 5 -1.73263
23 6 1.70826
23 7 -1.64891
23 8 -0.670406
23 9 0.104724
23 10 -1.01343
23 11 0.171598
23 12 1.12347
23 13 0.0875295
23 14 1.7278
23 15 -1.41155
23 16 -0.332937
23 17 -0.878829
23 18 0.392401
23 19 -1.8541
23 20 -1.74525
23 21 -0.70847
23 22 -1.60649
23 23 -1.31982
23 24 -0.515345
23 25 -1.84095
23 26 0.836964
23 27 0.565365
23 28 -1.30376
23 29 -1.75139
23 30 -0.373362
24 0 -0.147748
24 1 -1.1893
24 2 1.4782
24 3 0.391761
24 4 -1.90795
24 5 1.59771
24 6 -0.188216
24 7 -1.7679
24 8 -1.57492
24 9 1.9937
24 10 1.46531
24 11 0.460823
24 12 -1.89222
24 13 -0.709909
24 14 -0.144895
24 15 -1.60393
24 16 0.283953
24 17 -0.6965
24 18 -0.198031
24 19 0.311375
24 20 -1.70062
24 21 -1.77063
24 22 -0.796174
24 23 0.086885
24 24 0.247521
24 25 -1.03378
24 26 1.65088
24 27 1.30294
24 28 -0.221816
24 29 1.92825
24 30 0.31307
25 0 -1.06231
25 1 1.24236
25 2 -0.194903
25 3 -1.00012
25 4 1.82175
25 5 -1.4294
25 6 0.0502535
25 7 1.8877
25 8 0.593282
25 9 0.458684
25 10 -0.121399
25 11 0.311123
25 12 1.64525
25 13 -0.495119
25 14 -1.08494
25 15 -0.305901
25 16 -0.905615
25 17 -0.221737
25 18 0.51006
25 19 0.138565
25 20 -0.458231
25 21 1.4938
25 22 -0.798605
25 23 -0.399881
25 24 0.0708941
25 25 -1.7527
25 26 -1.07453
25 27 -1.52606
25 28 -1.60488
25 29 1.5611
25 30 -1.86644
26 0 1.35614
26 1 0.0290669
26 2 -1.54513
26 3 -0.0382174
26 4 0.397767
26 5 -1.63914
26 6 1.9129
26 7 0.612075
26 8 -0.155471
26 9 1.45503
26 10 -0.948684
26 11 1.29585
26 12 -0.684099
26 13 1.7652
26 14 -1.02357
26 15 1.82844
26 16 0.0432999
26 17 0.258319
26 18 1.97486
26 19 1.08394
26 20 -0.744792
26 21 -1.76851
26 22 -1.8237
26 23 1.25178
26 24 -0.351707
26 25 -0.463347
26 26 0.0925061
26 27 1.5686
26 28 -0.376317
26 29 0.417556
26 30 -1.62079
27 0 -0.656075
27 1 -1.42063
27 2 -1.02048
27 3 -0.484113
27 4 -0.918722
27 5 -1.1376
27 6 0.534924
27 7 1.19886
27 8 -1.16594
27 9 1.58502
27 10 0.982838
27 11 0.145543
27 12 1.87986
27 13 0.259533
27 14 -1.12924
27 15 1.43105
27 16 1.448
27 17 -0.746791
27 18 -0.692063
27 19 1.36005
27 20 -0.0298689
27 21 -1.79239
27 22 1.11207
27 23 -0.29331
27 24 -0.880152
27 25 -0.665968
27 26 -0.53224
27 27 1.17917
27 28 -1.84524
27 29 0.906677
27 30 1.49074
28 0 -0.856741
28 1 0.627397
28 2 -1.07245
28 3 0.487816
28 4 -1.6995
28 5 1.86702
28 6 0.43988
28 7 -0.465139
28 8 -1.87772
28 9 1.43026
28 10 0.414173
28 11 1.39136
28 12 0.018465
28 13 -1.96836
28 14 1.67629
28 15 -0.357181
28 16 0.929463
28 17 -1.39558
28 18 1.26093
28 19 1.63841
28 20 1.11177
28 21 1.02849
28 22 -0.37921
28 23 0.807604
28 24 0.261844
28 25 0.338945
28 26 -0.620342
28 27 0.816933
28 28 -1.35655
28 29 -1.99394
28 30 0.248003
29 0 0.185936
29 1 0.203311
29 2 0.778147
29 3 1.70998
29 4 1.77684
29 5 1.61305
29 6 0.416425
29 7 1.70484
29 8 -1.53221
29 9 -0.636794
29 10 -1.85308
29 11 0.153479
29 12 0.948915
29 13 -1.27511
29 14 -0.295013
29 15 -1.60733
29 16 -0.787114
29 17 1.12049
29 18 0.147842
29 19 1.07629
29 20 0.555775
29 21 1.57259
29 22 -1.75724
29 23 -1.29691
29 24 -0.334673
29 25 0.959167
29 26 1.57182
29 27 -1.89659
29 28 -1.44975
29 29 -0.30365
29 30 1.05827
30 0 0.0977488
30 1 1.01793
30 2 -1.32081
30 3 0.690908
30 4 0.474611
30 5 -1.97262
30 6 0.960902
30 7 1.96694
30 8 -1.48727
30 9 -0.557669
30 10 -1.23571
30 11 0.857591
30 12 -1.28853
30 13 1.94739
30 14 -1.932
30 15 -1.84081
30 16 1.21732
30 17 1.43917
30 18 0.26501
30 19 1.01645
30 20 0.0780591
30 21 0.343618
30 22 -1.23707
30 23 0.0137659
30 24 -1.79634
30 25 -1.77562
30 26 -0.65921
30 27 0.523619
30 28 1.56791
30 29 0.693587
30 30 0.741068
0 0 10
0 1 10
0 2 10
0 3 10
0 4 10
0 5 10
0 6 10
0 7 10
0 8 10
0 9 10
0 10 10
0 11 10
0 12 10
0 13 10
0 14 10
0 15 10
0 16 10
0 17 10
0 18 10
0 19 10
0 20 10
0 21 10
0 22 10
0 23 10
0 24 10
0 25 10
0 26 10
0 27 10
0 28 10
0 29 10
0 30 10
1 0 10
1 1 10
1 2 10
1 3 10
1 4 10
1 5 10
1 6 10
1 7 10
1 8 10
1 9 10
1 10 10
1 11 10
1 12 10
1 13 10
1 14 10
1 15 10
1 16 10
1 17 10
1 18 10
1 19 10
1 20 10
1 21 10
1 22 10
1 23 10
1 24 10
1 25 10
1 26 10
1 27 10
1 28 10
1 29 10
1 30 10
2 0 10
2 1 10
2 2 10
2 3 10
2 4 10
2 5 10
2 6 10
2 7 10
2 8 10
2 9 10
2 10 10
2 11 10
2 12 10
2 13 10
2 14 10
2 15 10
2 16 10
2 17 10
2 18 10
2 19 10
2 20 10
2 21 10
2 22 10
2 23 10
2 24 10
2 25 10
2 26 10
2 27 10
2 28 10
2 29 10
2 30 10
3 0 10
3 1 10
3 2 10
3 3 10
3 4 10
3 5 10
3 6 10
3 7 10
3 8 10
3 9 10
3 10 10
3 11 10
3 12 10
3 13 10
3 14 10
3 15 10
3 16 10
3 17 10
3 18 10
3 19 10
3 20 10
3 21 10
3 22 10
3 23 10
3 24 10
3 25 10
3 26 10
3 27 10
3 28 10
3 29 10
3 30 10
4 0 10
4 1 10
4 2 10
4 3 10
4 4 10
4 5 10
4 6 10
4 7 10
4 8 10
4 9 10
4 10 10
4 11 10
4 12 10
4 13 10
4 14 10
4 15 10
4 16 10
4 17 10
4 18 10
4 19 10
4 20 10
4 21 10
4 22 10
4 23 10
4 24 10
4 25 10
4 26 10
4 27 10
4 28 10
4 29 10
4 30 10
5 0 10
5 1 10
5 2 10
5 3 10
5 4 10
5 5 10
5 6 10
5 7 10
5 8 10
5 9 10
5 10 10
5 11 10
5 12 10
5 13 10
5 14 10
5 15 10
5 16 10
5 17 10
5 18 10
5 19 10
5 20 10
5 21 10
5 22 10
5 23 10
5 24 10
5 25 10
5 26 10
5 27 10
5 28 10
5 29 10
5 30 10
6 0 10
6 1 10
6 2 10
6 3 10
6 4 10
6 5 10
6 6 10
6 7 10
6 8 10
6 9 10
6 10 10
6 11 10
6 12 10
6 13 10
6 14 10
6 15 10
6 16 10
6 17 10
6 18 10
6 19 10
6 20 10
6 21 10
6 22 10
6 23 10
6 24 10
6 25 10
6 26 10
6 27 10
6 28 10
6 29 10
6 30 10
7 0 10
7 1 10
7 2 10
7 3 10
7 4 10
7 5 10
7 6 10
7 7 10
7 8 10
7 9 10
7 10 10
7 11 10
7 12 10
7 13 10
7 14 10
7 15 10
7 16 10
7 17 10
7 18 10
7 19 10
7 20 10
7 21 10
7 22 10
7 23 10
7 24 10
7 25 10
7 26 10
7 27 10
7 28 10
7 29 10
7 30 10
8 0 10
8 1 10
8 2 10
8 3 10
8 4 10
8 5 10
8 6 10
8 7 10
8 8 10
8 9 10
8 10 10
8 11 10
8 12 10
8 13 10
8 14 10
8 15 10
8 16 10
8 17 10
8 18 10
8 19 10
8 20 10
8 21 10
8 22 10
8 23 10
8 24 10
8 25 10
8 26 10
8 27 10
8 28 10
8 29 10
8 30 10
9 0 10
9 1 10
9 2 10
9 3 10
9 4 10
9 5 10
9 6 10
9 7 10
9 8 10
9 9 10
9 10 10
9 11 10
9 12 10
9 13 10
9 14 10
9 15 10
9 16 10
9 17 10
9 18 10
9 19 10
9 20 10
9 21 10
9 22 10
9 23 10
9 24 10
9 25 10
9 26 10
9 27 10
9 28 10
9 29 10
9 30 10
10 0 10
10 1 10
10 2 10
10 3 10
10 4 10
10 5 10
10 6 10
10 7 10
10 8 10
10 9 10
10 10 10
10 11 10
10 12 10
10 13 10
10 14 10
10 15 10
10 16 10
10 17 10
10 18 10
10 19 10
10 20 10
10 21 10
10 22 10
10 23 10
10 24 10
10 25 10
10 26 10
10 27 10
10 28 10
10 29 10
10 30 10
11 0 10
11 1 10
11 2 10
11 3 10
11 4 10
11 5 10
11 6 10
11 7 10
11 8 10
11 9 10
11 10 10
11 11 10
11 12 10
11 13 10
11 14 10
11 15 10
11 16 10
11 17 10
11 18 10
11 19 10
11 20 10
11 21 10
11 22 10
11 23 10
11 24 10
11 25 10
11 26 10
11 27 10
11 28 10
11 29 10
11 30 10
12 0 10
12 1 10
12 2 10
12 3 10
12 4 10
12 5 10
12 6 10
12 7 10
12 8 10
12 9 10
12 10 10
12 11 10
12 12 10
12 13 10
12 14 10
12 15 10
12 16 10
12 17 10
12 18 10
12 19 10
12 20 10
12 21 10
12 22 10
12 23 10
12 24 10
12 25 10
12 26 10
12 27 10
12 28 10
12 29 10
12 30 10
13 0 10
13 1 10
13 2 10
13 3 10
13 4 10
13 5 10
13 6 10
13 7 10
13 8 10
13 9 10
13 10 10
13 11 10
13 12 10
13 13 10
13 14 10
13 15 10
13 16 10
13 17 10
13 18 10
13 19 10
13 20 10
13 21 10
13 22 10
13 23 10
13 24 10
13 25 10
13 26 10
13 27 10
13 28 10
13 29 10
13 30 10
14 0 10
14 1 10
14 2 10
14 3 10
14 4 10
14 5 10
14 6 10
14 7 10
14 8 10
14 9 10
14 10 10
14 11 10
14 12 10
14 13 10
14 14 10
14 15 10
14 16 10
14 17 10
14 18 10
14 19 10
14 20 10
14 21 10
14 22 10
14 23 10
14 24 10
14 25 10
14 26 10
14 27 10
14 28 10
14 29 10
14 30 10
15 0 10
15 1 10
15 2 10
15 3 10
15 4 10
15 5 10
15 6 10
15 7 10
15 8 10
15 9 10
15 10 10
15 11 10
15 12 10
15 13 10
15 14 10
15 15 10
15 16 10
15 17 10
15 18 10
15 19 10
15 20 10
15 21 10
15 22 10
15 23 10
15 24 10
15 25 10
15 26 10
15 27 10
15 28 10
15 29 10
15 30 10
16 0 10
16 1 10
16 2 10
16 3 10
16 4 10
16 5 10
16 6 10
16 7 10
16 8 10
16 9 10
16 10 10
16 11 10
16 12 10
16 13 10
16 14 10
16 15 10
16 16 10
16 17 10
16 18 10
16 19 10
16 20 10
16 21 10
16 22 10
16 23 10
16 24 10
16 25 10
16 26 10
16 27 10
16 28 10
16 29 10
16 30 10
17 0 10
17 1 10
17 2 10
17 3 10
17 4 10
17 5 10
17 6 10
17 7 10
17 8 10
17 9 10
17 10 10
17 11 10
17 12 10
17 13 10
17 14 10
17 15 10
17 16 10
17 17 10
17 18 10
17 19 10
17 20 10
17 21 10
17 22 10
17 23 10
17 24 10
17 25 10
17 26 10
17 27 10
17 28 10
17 29 10
17 30 10
18 0 10
18 1 10
18 2 10
18 3 10
18 4 10
18 5 10
18 6 10
18 7 10
18 8 10
18 9 10
18 10 10
18 11 10
18 12 10
18 13 10
18 14 10
18 15 10
18 16 10
18 17 10
18 18 10
18 19 10
18 20 10
18 21 10
18 22 10
18 23 10
18 24 10
18 25 10
18 26 10
18 27 10
18 28 10
18 29 10
18 30 10
19 0 10
19 1 10
19 2 10
19 3 10
19 4 10
19 5 10
19 6 10
19 7 10
19 8 10
19 9 10
19 10 10
19 11 10
19 12 10
19 13 10
19 14 10
19 15 10
19 16 10
19 17 10
19 18 10
19 19 10
19 20 10
19 21 10
19 22 10
19 23 10
19 24 10
19 25 10
19 26 10
19 27 10
19 28 10
19 29 10
19 30 10
20 0 10
20 1 10
20 2 10
20 3 10
20 4 10
20 5 10
20 6 10
20 7 10
20 8 10
20 9 10
20 10 10
20 11 10
20 12 10
20 13 10
20 14 10
20 15 10
20 16 10
20 17 10
20 18 10
20 19 10
20 20 10
20 21 10
20 22 10
20 23 10
20 24 10
20 25 10
20 26 10
20 27 10
20 28 10
20 29 10
20 30 10
21 0 10
21 1 10
21 2 10
21 3 10
21 4 10
21 5 10
21 6 10
21 7 10
21 8 10
21 9 10
21 10 10
21 11 10
21 12 10
21 13 10
21 14 10
21 15 10
21 16 10
21 17 10
21 18 10
21 19 10
21 20 10
21 21 10
21 22 10
21 23 10
21 24 10
21 25 10
21 26 10
21 27 10
21 28 10
21 29 10
21 30 10
22 0 10
22 1 10
22 2 10
22 3 10
22 4 10
22 5 10
22 6 10
22 7 10
22 8 10
22 9 10
22 10 10
22 11 10
22 12 10
22 13 10
22 14 10
22 15 10
22 16 10
22 17 10
22 18 10
22 19 10
22 20 10
22 21 10
22 22 10
22 23 10
22 24 10
22 25 10
22 26 10
22 27 10
22 28 10
22 29 10
22 30 10
23 0 10
23 1 10
23 2 10
23 3 10
23 4 10
23 5 10
23 6 10
23 7 10
23 8 10
23 9 10
23 10 10
23 11 10
23 12 10
23 13 10
23 14 10
23 15 10
23 16 10
23 17 10
23 18 10
23 19 10
23 20 10
23 21 10
23 22 10
23 23 10
23 24 10
23 25 10
23 26 10
23 27 10
23 28 10
23 29 10
23 30 10
24 0 10
24 1 10
24 2 10
24 3 10
24 4 10
24 5 10
24 6 10
24 7 10
24 8 10
24 9 10
24 10 10
24 11 10
24 12 10
24 13 10
24 14 10
24 15 10
24 16 10
24 17 10
24 18 10
24 19 10
24 20 10
24 21 10
24 22 10
24 23 10
24 24 10
24 25 10
24 26 10
24 27 10
24 28 10
24 29 10
24 30 10
25 0 10
25 1 10
25 2 10
25 3 10
25 4 10
25 5 10
25 6 10
25 7 10
25 8 10
25 9 10
25 10 10
25 11 10
25 12 10
25 13 10
25 14 10
25 15 10
25 16 10
25 17 10
25 18 10
25 19 10
25 20 10
25 21 10
25 22 10
25 23 10
25 24 10
25 25 10
25 26 10
25 27 10
25 28 10
25 29 10
25 30 10
26 0 10
26 1 10
26 2 10
26 3 10
26 4 10
26 5 10
26 6 10
26 7 10
26 8 10
26 9 10
26 10 10
26 11 10
26 12 10
26 13 10
26 14 10
26 15 10
26 16 10
26 17 10
26 18 10
26 19 10
26 20 10
26 21 10
26 22 10
26 23 10
26 24 10
26 25 10
26 26 10
26 27 10
26 28 10
26 29 10
26 30 10
27 0 10
27 1 10
27 2 10
27 3 10
27 4 10
27 5 10
27 6 10
27 7 10
27 8 10
27 9 10
27 10 10
27 11 10
27 12 10
27 13 10
27 14 10
27 15 10
27 16 10
27 17 10
27 18 10
27 19 10
27 20 10
27 21 10
27 22 10
27 23 10
27 24 10
27 25 10
27 26 10
27 27 10
27 28 10
27 29 10
27 30 10
28 0 10
28 1 10
28 2 10
28 3 10
28 4 10
28 5 10
28 6 10
28 7 10
28 8 10
28 9 10
28 10 10
28 11 10
28 12 10
28 13 10
28 14 10
28 15 10
28 16 10
28 17 10
28 18 10
28 19 10
28 20 10
28 21 10
28 22 10
28 23 10
28 24 10
28 25 10
28 26 10
28 27 10
28 28 10
28 29 10
28 30 10
29 0 10
29 1 10
29 2 10
29 3 10
29 4 10
29 5 10
29 6 10
29 7 10
29 8 10
29 9 10
29 10 10
29 11 10
29 12 10
29 13 10
29 14 10
29 15 10
29 16 10
29 17 10
29 18 10
29 19 10
29 20 10
29 21 10
29 22 10
29 23 10
29 24 10
29 25 10
29 26 10
29 27 10
29 28 10
29 29 10
29 30 10
30 0 10
30 1 10
30 2 10
30 3 10
30 4 10
30 5 10
30 6 10
30 7 10
30 8 10
30 9 10
30 10 10
30 11 10
30 12 10
30 13 10
30 14 10
30 15 10
30 16 10
30 17 10
30 18 10
30 19 10
30 20 10
30 21 10
30 22 10
30 23 10
30 24 10
30 25 10
30 26 10
30 27 10
30 28 10
30 29 10
30 30 10
0 0 0.782979
0 1 1.19933
0 2 0.642421
0 3 0.0797464
0 4 -0.673054
0 5 1.73669
0 6 -1.01409
0 7 0.0448255
0 8 0.961272
0 9 -0.983326
0 10 1.38234
0 11 0.152618
0 12 1.64054
0 13 -0.597174
0 14 1.7413
0 15 1.71088
0 16 0.350801
0 17 -1.59295
0 18 -0.532496
0 19 -0.896618
0 20 -0.93561
0 21 -1.09385
0 22 -1.99472
0 23 1.57203
0 24 -0.18601
0 25 0.313684
0 26 -0.737578
0 27 1.97607
0 28 1.93557
0 29 1.85819
0 30 0.665061
0 0 1
0 1 1
0 2 1
0 3 1
0 4 1
0 5 1
0 6 1
0 7 1
0 8 1
0 9 1
0 10 1
0 11 1
0 12 1
0 13 1
0 14 1
0 15 1
0 16 1
0 17 1
0 18 1
0 19 1
0 20 1
0 21 1
0 22 1
0 23 1
0 24 1
0 25 1
0 26 1
0 27 1
0 28 1
0 29 1
0 30 1
0 0 2
0 1 2
0 2 2
0 3 2
0 4 2
0 5 2
0 6 2
0 7 2
0 8 2
0 9 2
0 10 2
0 11 2
0 12 2
0 13 2
0 14 2
0 15 2
0 16 2
0 17 2
0 18 2
0 19 2
0 20 2
0 21 2
0 22 2
0 23 2
0 24 2
0 25 2
0 26 2
0 27 2
0 28 2
0 29 2
0 30 2
0 0 3
0 1 3
0 2 3
0 3 3
0 4 3
0 5 3
0 6 3
0 7 3
0 8 3
0 9 3
0 10 3
0 11 3
0 12 3
0 13 3
0 14 3
0 15 3
0 16 3
0 17 3
0 18 3
0 19 3
0 20 3
0 21 3
0 22 3
0 23 3
0 24 3
0 25 3
0 26 3
0 27 3
0 28 3
0 29 3
0 30 3
0 0 4
0 1 4
0 2 4
0 3 4
0 4 4
0 5 4
0 6 4
0 7 4
0 8 4
0 9 4
0 10 4
0 11 4
0 12 4
0 13 4
0 14 4
0 15 4
0 16 4
0 17 4
0 18 4
0 19 4
0 20 4
0 21 4
0 22 4
0 23 4
0 24 4
0 25 4
0 26 4
0 27 4
0 28 4
0 29 4
0 30 4
0 0 5
0 1 5
0 2 5
0 3 5
0 4 5
0 5 5
0 6 5
0 7 5
0 8 5
0 9 5
0 10 5
0 11 5
0 12 5
0 13 5
0 14 5
0 15 5
0 16 5
0 17 5
0 18 5
0 19 5
0 20 5
0 21 5
0 22 5
0 23 5
0 24 5
0 25 5
0 26 5
0 27 5
0 28 5
0 29 5
0 30 5
0 0 6
0 1 6
0 2 6
0 3 6
0 4 6
0 5 6
0 6 6
0 7 6
0 8 6
0 9 6
0 10 6
0 11 6
0 12 6
0 13 6
0 14 6
0 15 6
0 16 6
0 17 6
0 18 6
0 19 6
0 20 6
0 21 6
0 22 6
0 23 6
0 24 6
0 25 6
0 26 6
0 27 6
0 28 6
0 29 6
0 30 6
0 0 7
0 1 7
0 2 7
0 3 7
0 4 7
0 5 7
0 6 7
0 7 7
0 8 7
0 9 7
0 10 7
0 11 7
0 12 7
0 13 7
0 14 7
0 15 7
0 16 7
0 17 7
0 18 7
0 19 7
0 20 7
0 21 7
0 22 7
0 23 7
0 24 7
0 25 7
0 26 7
0 27 7
0 28 7
0 29 7
0 30 7
0 0 8
0 1 8
0 2 8
0 3 8
0 4 8
0 5 8
0 6 8
0 7 8
0 8 8
0 9 8
0 10 8
0 11 8
0 12 8
0 13 8
0 14 8
0 15 8
0 16 8
0 17 8
0 18 8
0 19 8
0 20 8
0 21 8
0 22 8
0 23 8
0 24 8
0 25 8
0 26 8
0 27 8
0 28 8
0 29 8
0 30 8
0 0 9
0 1 9
0 2 9
0 3 9
0 4 9
0 5 9
0 6 9
0 7 9
0 8 9
0 9 9
0 10 9
0 11 9
0 12 9
0 13 9
0 14 9
0 15 9
0 16 9
0 17 9
0 18 9
0 19 9
0 20 9
0 21 9
0 22 9
0 23 9
0 24 9
0 25 9
0 26 9
0 27 9
0 28 9
0 29 9
0 30 9
0 0 10
0 1 10
0 2 10
0 3 10
0 4 10
0 5 10
0 6 10
0 7 10
0 8 10
0 9 10
0 10 10
0 11 10
0 12 10
0 13 10
0 14 10
0 15 10
0 16 10
0 17 10
0 18 10
0 19 10
0 20 10
0 21 10
0 22 10
0 23 10
0 24 10
0 25 10
0 26 10
0 27 10
0 28 10
0 29 10
0 30 10
30 0 0.904633
30 1 -0.66383
30 2 0.0910911
30 3 -0.906583
30 4 0.873516
30 5 1.11207
30 6 -1.67574
30 7 -1.11368
30 8 -1.18416
30 9 0.496397
30 10 0.90082
30 11 1.33746
30 12 -1.92442
30 13 -1.19153
30 14 -0.123628
30 15 -0.486419
30 16 -0.638425
30 17 -1.7446
30 18 1.04534
30 19 -0.389352
30 20 0.697159
30 21 0.204303
30 22 -1.79417
30 23 -0.770016
30 24 1.86178
30 25 1.7259
30 26 -0.487893
30 27 0.470681
30 28 0.250134
30 29 1.32224
30 30 1.83079
30 0 1
30 1 1
30 2 1
30 3 1
30 4 1
30 5 1
30 6 1
30 7 1
30 8 1
30 9 1
30 10 1
30 11 1
30 12 1
30 13 1
30 14 1
30 15 1
30 16 1
30 17 1
30 18 1
30 19 1
30 20 1
30 21 1
30 22 1
30 23 1
30 24 1
30 25 1
30 26 1
30 27 1
30 28 1
30 29 1
30 30 1
30 0 2
30 1 2
30 2 2
30 3 2
30 4 2
30 5 2
30 6 2
30 7 2
30 8 2
30 9 2
30 10 2
30 11 2
30 12 2
30 13 2
30 14 2
30 15 2
30 16 2
30 17 2
30 18 2
30 19 2
30 20 2
30 21 2
30 22 2
30 23 2
30 24 2
30 25 2
30 26 2
30 27 2
30 28 2
30 29 2
30 30 2
30 0 3
30 1 3
30 2 3
30 3 3
30 4 3
30 5 3
30 6 3
30 7 3
30 8 3
30 9 3
30 10 3
30 11 3
30 12 3
30 13 3
30 14 3
30 15 3
30 16 3
30 17 3
30 18 3
30 19 3
30 20 3
30 21 3
30 22 3
30 23 3
30 24 3
30 25 3
30 26 3
30 27 3
30 28 3
30 29 3
30 30 3
30 0 4
30 1 4
30 2 4
30 3 4
30 4 4
30 5 4
30 6 4
30 7 4
30 8 4
30 9 4
30 10 4
30 11 4
30 12 4
30 13 4
30 14 4
30 15 4
30 16 4
30 17 4
30 18 4
30 19 4
30 20 4
30 21 4
30 22 4
30 23 4
30 24 4
30 25 4
30 26 4
30 27 4
30 28 4
30 29 4
30 30 4
30 0 5
30 1 5
30 2 5
30 3 5
30 4 5
30 5 5
30 6 5
30 7 5
30 8 5
30 9 5
30 10 5
30 11 5
30 12 5
30 13 5
30 14 5
30 15 5
30 16 5
30 17 5
30 18 5
30 19 5
30 20 5
30 21 5
30 22 5
30 23 5
30 24 5
30 25 5
30 26 5
30 27 5
30 28 5
30 29 5
30 30 5
30 0 6
30 1 6
30 2 6
30 3 6
30 4 6
30 5 6
30 6 6
30 7 6
30 8 6
30 9 6
30 10 6
30 11 6
30 12 6
30 13 6
30 14 6
30 15 6
30 16 6
30 17 6
30 18 6
30 19 6
30 20 6
30 21 6
30 22 6
30 23 6
30 24 6
30 25 6
30 26 6
30 27 6
30 28 6
30 29 6
30 30 6
30 0 7
30 1 7
30 2 7
30 3 7
30 4 7
30 5 7
30 6 7
30 7 7
30 8 7
30 9 7
30 10 7
30 11 7
30 12 7
30 13 7
30 14 7
30 15 7
30 16 7
30 17 7
30 18 7
30 19 7
30 20 7
30 21 7
30 22 7
30 23 7
30 24 7
30 25 7
30 26 7
30 27 7
30 28 7
30 29 7
30 30 7
30 0 8
30 1 8
30 2 8
30 3 8
30 4 8
30 5 8
30 6 8
30 7 8
30 8 8
30 9 8
30 10 8
30 11 8
30 12 8
30 13 8
30 14 8
30 15 8
30 16 8
30 17 8
30 18 8
30 19 8
30 20 8
30 21 8
30 22 8
30 23 8
30 24 8
30 25 8
30 26 8
30 27 8
30 28 8
30 29 8
30 30 8
30 0 9
30 1 9
30 2 9
30 3 9
30 4 9
30 5 9
30 6 9
30 7 9
30 8 9
30 9 9
30 10 9
30 11 9
30 12 9
30 13 9
30 14 9
30 15 9
30 16 9
30 17 9
30 18 9
30 19 9
30 20 9
30 21 9
30 22 9
30 23 9
30 24 9
30 25 9
30 26 9
30 27 9
30 28 9
30 29 9
30 30 9
30 0 10
30 1 10
30 2 10
30 3 10
30 4 10
30 5 10
30 6 10
30 7 10
30 8 10
30 9 10
30 10 10
30 11 10
30 12 10
30 13 10
30 14 10
30 15 10
30 16 10
30 17 10
30 18 10
30 19 10
30 20 10
30 21 10
30 22 10
30 23 10
30 24 10
30 25 10
30 26 10
30 27 10
30 28 10
30 29 10
30 30 10
0 0 -1.69798
0 0 1
0 0 2
0 0 3
0 0 4
0 0 5
0 0 6
0 0 7
0 0 8
0 0 9
0 0 10
1 0 1.5521
1 0 1
1 0 2
1 0 3
1 0 4
1 0 5
1 0 6
1 0 7
1 0 8
1 0 9
1 0 10
2 0 0.249789
2 0 1
2 0 2
2 0 3
2 0 4
2 0 5
2 0 6
2 0 7
2 0 8
2 0 9
2 0 10
3 0 -1.22258
3 0 1
3 0 2
3 0 3
3 0 4
3 0 5
3 0 6
3 0 7
3 0 8
3 0 9
3 0 10
4 0 -1.11419
4 0 1
4 0 2
4 0 3
4 0 4
4 0 5
4 0 6
4 0 7
4 0 8
4 0 9
4 0 10
5 0 0.823052
5 0 1
5 0 2
5 0 3
5 0 4
5 0 5
5 0 6
5 0 7
5 0 8
5 0 9
5 0 10
6 0 0.387046
6 0 1
6 0 2
6 0 3
6 0 4
6 0 5
6 0 6
6 0 7
6 0 8
6 0 9
6 0 10
7 0 0.345184
7 0 1
7 0 2
7 0 3
7 0 4
7 0 5
7 0 6
7 0 7
7 0 8
7 0 9
7 0 10
8 0 1.87398
8 0 1
8 0 2
8 0 3
8 0 4
8 0 5
8 0 6
8 0 7
8 0 8
8 0 9
8 0 10
9 0 0.326974
9 0 1
9 0 2
9 0 3
9 0 4
9 0 5
9 0 6
9 0 7
9 0 8
9 0 9
9 0 10
10 0 -1.6008
10 0 1
10 0 2
10 0 3
10 0 4
10 0 5
10 0 6
10 0 7
10 0 8
10 0 9
10 0 10
11 0 -1.33359
11 0 1
11 0 2
11 0 3
11 0 4
11 0 5
11 0 6
11 0 7
11 0 8
11 0 9
11 0 10
12 0 -1.59162
12 0 1
12 0 2
12 0 3
12 0 4
12 0 5
12 0 6
12 0 7
12 0 8
12 0 9
12 0 10
13 0 -1.41501
13 0 1
13 0 2
13 0 3
13 0 4
13 0 5
13 0 6
13 0 7
13 0 8
13 0 9
13 0 10
14 0 0.686259
14 0 1
14 0 2
14 0 3
14 0 4
14 0 5
14 0 6
14 0 7
14 0 8
14 0 9
14 0 10
15 0 0.559413
15 0 1
15 0 2
15 0 3
15 0 4
15 0 5
15 0 6
15 0 7
15 0 8
15 0 9
15 0 10
16 0 -0.510258
16 0 1
16 0 2
16 0 3
16 0 4
16 0 5
16 0 6
16 0 7
16 0 8
16 0 9
16 0 10
17 0 -1.34851
17 0 1
17 0 2
17 0 3
17 0 4
17 0 5
17 0 6
17 0 7
17 0 8
17 0 9
17 0 10
18 0 -0.441925
18 0 1
18 0 2
18 0 3
18 0 4
18 0 5
18 0 6
18 0 7
18 0 8
18 0 9
18 0 10
19 0 1.19991
19 0 1
19 0 2
19 0 3
19 0 4
19 0 5
19 0 6
19 0 7
19 0 8
19 0 9
19 0 10
20 0 -0.400825
20 0 1
20 0 2
20 0 3
20 0 4
20 0 5
20 0 6
20 0 7
20 0 8
20 0 9
20 0 10
21 0 1.02048
21 0 1
21 0 2
21 0 3
21 0 4
21 0 5
21 0 6
21 0 7
21 0 8
21 0 9
21 0 10
22 0 -0.819158
22 0 1
22 0 2
22 0 3
22 0 4
22 0 5
22 0 6
22 0 7
22 0 8
22 0 9
22 0 10
23 0 0.560024
23 0 1
23 0 2
23 0 3
23 0 4
23 0 5
23 0 6
23 0 7
23 0 8
23 0 9
23 0 10
24 0 1.54047
24 0 1
24 0 2
24 0 3
24 0 4
24 0 5
24 0 6
24 0 7
24 0 8
24 0 9
24 0 10
25 0 -1.16143
25 0 1
25 0 2
25 0 3
25 0 4
25 0 5
25 0 6
25 0 7
25 0 8
25 0 9
25 0 10
26 0 -0.078574
26 0 1
26 0 2
26 0 3
26 0 4
26 0 5
26 0 6
26 0 7
26 0 8
26 0 9
26 0 10
27 0 -1.54805
27 0 1
27 0 2
27 0 3
27 0 4
27 0 5
27 0 6
27 0 7
27 0 8
27 0 9
27 0 10
28 0 -1.47052
28 0 1
28 0 2
28 0 3
28 0 4
28 0 5
28 0 6
28 0 7
28 0 8
28 0 9
28 0 10
29 0 -1.74399
29 0 1
29 0 2
29 0 3
29 0 4
29 0 5
29 0 6
29 0 7
29 0 8
29 0 9
29 0 10
30 0 -1.68281
30 0 1
30 0 2
30 0 3
30 0 4
30 0 5
30 0 6
30 0 7
30 0 8
30 0 9
30 0 10
0 30 0.507817
0 30 1
0 30 2
0 30 3
0 30 4
0 30 5
0 30 6
0 30 7
0 30 8
0 30 9
0 30 10
1 30 -0.354664
1 30 1
1 30 2
1 30 3
1 30 4
1 30 5
1 30 6
1 30 7
1 30 8
1 30 9
1 30 10
2 30 0.554359
2 30 1
2 30 2
2 30 3
2 30 4
2 30 5
2 30 6
2 30 7
2 30 8
2 30 9
2 30 10
3 30 1.42623
3 30 1
3 30 2
3 30 3
3 30 4
3 30 5
3 30 6
3 30 7
3 30 8
3 30 9
3 30 10
4 30 1.0543
4 30 1
4 30 2
4 30 3
4 30 4
4 30 5
4 30 6
4 30 7
4 30 8
4 30 9
4 30 10
5 30 1.90464
5 30 1
5 30 2
5 30 3
5 30 4
5 30 5
5 30 6
5 30 7
5 30 8
5 30 9
5 30 10
6 30 1.12615
6 30 1
6 30 2
6 30 3
6 30 4
6 30 5
6 30 6
6 30 7
6 30 8
6 30 9
6 30 10
7 30 1.74233
7 30 1
7 30 2
7 30 3
7 30 4
7 30 5
7 30 6
7 30 7
7 30 8
7 30 9
7 30 10
8 30 0.956609
8 30 1
8 30 2
8 30 3
8 30 4
8 30 5
8 30 6
8 30 7
8 30 8
8 30 9
8 30 10
9 30 -0.985521
9 30 1
9 30 2
9 30 3
9 30 4
9 30 5
9 30 6
9 30 7
9 30 8
9 30 9
9 30 10
10 30 0.877001
10 30 1
10 30 2
10 30 3
10 30 4
10 30 5
10 30 6
10 30 7
10 30 8
10 30 9
10 30 10
11 30 0.77405
11 30 1
11 30 2
11 30 3
11 30 4
11 30 5
11 30 6
11 30 7
11 30 8
11 30 9
11 30 10
12 30 1.09328
12 30 1
12 30 2
12 30 3
12 30 4
12 30 5
12 30 6
12 30 7
12 30 8
12 30 9
12 30 10
13 30 0.988868
13 30 1
13 30 2
13 30 3
13 30 4
13 30 5
13 30 6
13 30 7
13 30 8
13 30 9
13 30 10
14 30 -0.726465
14 30 1
14 30 2
14 30 3
14 30 4
14 30 5
14 30 6
14 30 7
14 30 8
14 30 9
14 30 10
15 30 0.0417238
15 30 1
15 30 2
15 30 3
15 30 4
15 30 5
15 30 6
15 30 7
15 30 8
15 30 9
15 30 10
16 30 1.09227
16 30 1
16 30 2
16 30 3
16 30 4
16 30 5
16 30 6
16 30 7
16 30 8
16 30 9
16 30 10
17 30 0.291262
17 30 1
17 30 2
17 30 3
17 30 4
17 30 5
17 30 6
17 30 7
17 30 8
17 30 9
17 30 10
18 30 1.8154
18 30 1
18 30 2
18 30 3
18 30 4
18 30 5
18 30 6
18 30 7
18 30 8
18 30 9
18 30 10
19 30 -1.31371
19 30 1
19 30 2
19 30 3
19 30 4
19 30 5
19 30 6
19 30 7
19 30 8
19 30 9
19 30 10
20 30 1.62894
20 30 1
20 30 2
20 30 3
20 30 4
20 30 5
20 30 6
20 30 7
20 30 8
20 30 9
20 30 10
21 30 1.00888
21 30 1
21 30 2
21 30 3
21 30 4
21 30 5
21 30 6
21 30 7
21 30 8
21 30 9
21 30 10
22 30 -0.855299
22 30 1
22 30 2
22 30 3
22 30 4
22 30 5
22 30 6
22 30 7
22 30 8
22 30 9
22 30 10
23 30 0.509641
23 30 1
23 30 2
23 30 3
23 30 4
23 30 5
23 30 6
23 30 7
23 30 8
23 30 9
23 30 10
24 30 -0.148688
24 30 1
24 30 2
24 30 3
24 30 4
24 30 5
24 30 6
24 30 7
24 30 8
24 30 9
24 30 10
25 30 -1.48224
25 30 1
25 30 2
25 30 3
25 30 4
25 30 5
25 30 6
25 30 7
25 30 8
25 30 9
25 30 10
26 30 0.197539
26 30 1
26 30 2
26 30 3
26 30 4
26 30 5
26 30 6
26 30 7
26 30 8
26 30 9
26 30 10
27 30 1.87804
27 30 1
27 30 2
27 30 3
27 30 4
27 30 5
27 30 6
27 30 7
27 30 8
27 30 9
27 30 10
28 30 -0.231438
28 30 1
28 30 2
28 30 3
28 30 4
28 30 5
28 30 6
28 30 7
28 30 8
28 30 9
28 30 10
29 30 0.363856
29 30 1
29 30 2
29 30 3
29 30 4
29 30 5
29 30 6
29 30 7
29 30 8
29 30 9
29 30 10
30 30 -1.55612
30 30 1
30 30 2
30 30 3
30 30 4
30 30 5
30 30 6
30 30 7
30 30 8
30 30 9
30 30 10
